2.0430000000000006	0.002300000000000001	0.02272000000000001	0.0002300000000000001
2.0420000000000007	0.002300000000000001	0.02274000000000001	0.0002300000000000001
2.0430000000000006	0.002300000000000001	0.02269000000000001	0.0002300000000000001
2.0430000000000006	0.002300000000000001	0.02290000000000001	0.0002300000000000001
2.045000000000001	0.002300000000000001	0.02295000000000001	0.0002300000000000001
2.0440000000000005	0.002300000000000001	0.023050000000000008	0.0002300000000000001
2.0440000000000005	0.002300000000000001	0.02309000000000001	0.0002300000000000001
2.045000000000001	0.002300000000000001	0.02320000000000001	0.0002400000000000001
2.0430000000000006	0.002300000000000001	0.02321000000000001	0.0002400000000000001
2.045000000000001	0.002300000000000001	0.02321000000000001	0.0002400000000000001
2.045000000000001	0.002300000000000001	0.02340000000000001	0.0002400000000000001
2.045000000000001	0.002300000000000001	0.02351000000000001	0.0002400000000000001
2.0460000000000007	0.002300000000000001	0.023470000000000008	0.0002400000000000001
2.0460000000000007	0.002300000000000001	0.02353000000000001	0.0002400000000000001
2.0470000000000006	0.002300000000000001	0.02366000000000001	0.0002400000000000001
2.0470000000000006	0.002300000000000001	0.02370000000000001	0.0002400000000000001
2.0470000000000006	0.002300000000000001	0.02372000000000001	0.0002400000000000001
2.0470000000000006	0.002300000000000001	0.02363000000000001	0.0002400000000000001
2.0470000000000006	0.002300000000000001	0.02369000000000001	0.0002400000000000001
2.0460000000000007	0.002300000000000001	0.02372000000000001	0.0002400000000000001


Dodatkowe Parametry:

a	[A/V]:	0.20239999999999875
a_error	[A/V]:	0.021761510364249316
b	[A]:	-0.3906184999999974
b_error	[A]:	0.04450230199654456
Vbi	[V]:	1.9299333003952561
Vbi_error	[V]:	0.30232588578401326
Eg_hc	[eV]:	1.8785495072376663
Eg_hc_error	[eV]:	0.008216523209770498
lambda	[m]:	6.6e-07
lambda_error	[m]:	2.886751345948129e-09
Rs	[Ohm]:	4.940711462450624
Rs_error	[Ohm]:	0.5312121724154413
