1.9750000000000005	0.002300000000000001	0.02225000000000001	0.0002300000000000001
1.9759000000000007	0.002300000000000001	0.022370000000000008	0.0002300000000000001
1.9750000000000005	0.002300000000000001	0.022620000000000008	0.0002300000000000001
1.9750000000000005	0.002300000000000001	0.02283000000000001	0.0002300000000000001
1.9770000000000005	0.002300000000000001	0.02298000000000001	0.0002300000000000001
1.9770000000000005	0.002300000000000001	0.02310000000000001	0.0002300000000000001
1.9789000000000005	0.002300000000000001	0.02307000000000001	0.0002300000000000001
1.9780000000000006	0.002300000000000001	0.02340000000000001	0.0002400000000000001
1.9810000000000005	0.002300000000000001	0.02352000000000001	0.0002400000000000001
1.9810000000000005	0.002300000000000001	0.02358000000000001	0.0002400000000000001
1.9810000000000005	0.002300000000000001	0.02371000000000001	0.0002400000000000001
1.9820000000000007	0.002300000000000001	0.02381000000000001	0.0002400000000000001
1.9820000000000007	0.002300000000000001	0.02391000000000001	0.0002400000000000001
1.9830000000000005	0.002300000000000001	0.02407000000000001	0.0002400000000000001
1.9840000000000007	0.002300000000000001	0.02418000000000001	0.0002400000000000001
1.9860000000000007	0.002300000000000001	0.02422000000000001	0.0002400000000000001
1.9860000000000007	0.002300000000000001	0.02421000000000001	0.0002400000000000001
1.9860000000000007	0.002300000000000001	0.02422000000000001	0.0002400000000000001
1.9850000000000005	0.002300000000000001	0.02422000000000001	0.0002400000000000001
1.9850000000000005	0.002300000000000001	0.024150000000000012	0.0002400000000000001


Dodatkowe Parametry:

a	[A/V]:	0.15928720726014767
a_error	[A/V]:	0.01110143673377959
b	[A]:	-0.29197757854810197
b_error	[A]:	0.021988546690096925
Vbi	[V]:	1.8330259131936726
Vbi_error	[V]:	0.18808639235325414
Eg_hc	[eV]:	1.9997462496400966
Eg_hc_error	[eV]:	0.00931091964145689
lambda	[m]:	6.2e-07
lambda_error	[m]:	2.886751345948129e-09
Rs	[Ohm]:	6.277968062851408
Rs_error	[Ohm]:	0.43753962710017763
