2.1120000000000005	0.002300000000000001	0.020160000000000008	0.0002300000000000001
2.113000000000001	0.002300000000000001	0.02023000000000001	0.0002300000000000001
2.113000000000001	0.002300000000000001	0.02036000000000001	0.0002300000000000001
2.113000000000001	0.002300000000000001	0.020520000000000007	0.0002300000000000001
2.1150000000000007	0.002300000000000001	0.020500000000000008	0.0002300000000000001
2.1150000000000007	0.002300000000000001	0.02072000000000001	0.0002300000000000001
2.1150000000000007	0.002300000000000001	0.02072000000000001	0.0002300000000000001
2.1160000000000005	0.002300000000000001	0.02062000000000001	0.0002300000000000001
2.1160000000000005	0.002300000000000001	0.021020000000000007	0.0002300000000000001
2.1140000000000008	0.002300000000000001	0.021000000000000008	0.0002300000000000001
2.117000000000001	0.002300000000000001	0.021180000000000008	0.0002300000000000001
2.1180000000000008	0.002300000000000001	0.02133000000000001	0.0002300000000000001
2.1190000000000007	0.002300000000000001	0.021870000000000007	0.0002300000000000001
2.1200000000000006	0.002300000000000001	0.02196000000000001	0.0002300000000000001
2.1190000000000007	0.002300000000000001	0.021950000000000008	0.0002300000000000001
2.1200000000000006	0.002300000000000001	0.02215000000000001	0.0002300000000000001
2.121000000000001	0.002300000000000001	0.02231000000000001	0.0002300000000000001
2.121000000000001	0.002300000000000001	0.02232000000000001	0.0002300000000000001
2.121000000000001	0.002300000000000001	0.02243000000000001	0.0002300000000000001
2.1220000000000008	0.002300000000000001	0.02244000000000001	0.0002300000000000001


Dodatkowe Parametry:

a	[A/V]:	0.24479591836734685
a_error	[A/V]:	0.013988848376225837
b	[A]:	-0.4969434591836736
b_error	[A]:	0.02961442439098668
Vbi	[V]:	2.0300316381825776
Vbi_error	[V]:	0.16760843368970138
Eg_hc	[eV]:	2.119389187652752
Eg_hc_error	[eV]:	0.010458375367597425
lambda	[m]:	5.85e-07
lambda_error	[m]:	2.886751345948129e-09
Rs	[Ohm]:	4.085035431429764
Rs_error	[Ohm]:	0.23343910978134916
