2.1510000000000007	0.002300000000000001	0.02053000000000001	0.0002300000000000001
2.1530000000000005	0.002300000000000001	0.02061000000000001	0.0002300000000000001
2.1530000000000005	0.002300000000000001	0.02071000000000001	0.0002300000000000001
2.154000000000001	0.002300000000000001	0.02086000000000001	0.0002300000000000001
2.154000000000001	0.002300000000000001	0.020940000000000007	0.0002300000000000001
2.154000000000001	0.002300000000000001	0.02097000000000001	0.0002300000000000001
2.1560000000000006	0.002300000000000001	0.021020000000000007	0.0002300000000000001
2.1550000000000007	0.002300000000000001	0.02123000000000001	0.0002300000000000001
2.1560000000000006	0.002300000000000001	0.02150000000000001	0.0002300000000000001
2.1570000000000005	0.002300000000000001	0.021700000000000007	0.0002300000000000001
2.158000000000001	0.002300000000000001	0.02173000000000001	0.0002300000000000001
2.1610000000000005	0.002300000000000001	0.02214000000000001	0.0002300000000000001
2.162000000000001	0.002300000000000001	0.02221000000000001	0.0002300000000000001
2.162000000000001	0.002300000000000001	0.02233000000000001	0.0002300000000000001
2.162000000000001	0.002300000000000001	0.022290000000000008	0.0002300000000000001
2.1630000000000007	0.002300000000000001	0.02253000000000001	0.0002300000000000001
2.1640000000000006	0.002300000000000001	0.02270000000000001	0.0002300000000000001
2.1650000000000005	0.002300000000000001	0.02278000000000001	0.0002300000000000001
2.1640000000000006	0.002300000000000001	0.02285000000000001	0.0002300000000000001
2.1640000000000006	0.002300000000000001	0.022880000000000008	0.0002300000000000001


Dodatkowe Parametry:

a	[A/V]:	0.1766616766467068
a_error	[A/V]:	0.006707587354675713
b	[A]:	-0.35958106287425207
b_error	[A]:	0.01447768768511682
Vbi	[V]:	2.035421998135752
Vbi_error	[V]:	0.11264349540522706
Eg_hc	[eV]:	2.1562481300467127
Eg_hc_error	[eV]:	0.010825308159322582
lambda	[m]:	5.75e-07
lambda_error	[m]:	2.886751345948129e-09
Rs	[Ohm]:	5.660537242606552
Rs_error	[Ohm]:	0.2149223801668613
