1.2100000000000004	0.0020000000000000005	0.026760000000000013	0.0002500000000000001
1.2100000000000004	0.0020000000000000005	0.02707000000000001	0.0002500000000000001
1.2100000000000004	0.0020000000000000005	0.02717000000000001	0.0002500000000000001
1.2100000000000004	0.0020000000000000005	0.02724000000000001	0.0002500000000000001
1.2100000000000004	0.0020000000000000005	0.02732000000000001	0.0002500000000000001
1.2110000000000003	0.0020000000000000005	0.027460000000000012	0.0002500000000000001
1.2110000000000003	0.0020000000000000005	0.027440000000000013	0.0002500000000000001
1.2110000000000003	0.0020000000000000005	0.02751000000000001	0.0002500000000000001
1.2110000000000003	0.0020000000000000005	0.027720000000000012	0.0002500000000000001
1.2110000000000003	0.0020000000000000005	0.02757000000000001	0.0002500000000000001
1.2120000000000004	0.0020000000000000005	0.027950000000000013	0.0002500000000000001
1.2120000000000004	0.0020000000000000005	0.02819000000000001	0.0002500000000000001
1.2120000000000004	0.0020000000000000005	0.02834000000000001	0.0002500000000000001
1.2130000000000003	0.0020000000000000005	0.02843000000000001	0.0002500000000000001
1.2130000000000003	0.0020000000000000005	0.02861000000000001	0.0002500000000000001
1.2130000000000003	0.0020000000000000005	0.028800000000000013	0.0002500000000000001
1.2140000000000004	0.0020000000000000005	0.02886000000000001	0.0002500000000000001
1.2140000000000004	0.0020000000000000005	0.02901000000000001	0.0002500000000000001
1.2140000000000004	0.0020000000000000005	0.029170000000000012	0.0002500000000000001
1.2150000000000003	0.0020000000000000005	0.02909000000000001	0.0002500000000000001


Dodatkowe Parametry:

a	[A/V]:	0.45986611740474026
a_error	[A/V]:	0.02698772844934512
b	[A]:	-0.5293032543769346
b_error	[A]:	0.0327051057513689
Vbi	[V]:	1.1509942445076484
Vbi_error	[V]:	0.09808423256475868
Eg_hc	[eV]:	1.318981568911553
Eg_hc_error	[eV]:	0.004050608318442767
lambda	[m]:	9.4e-07
lambda_error	[m]:	2.886751345948129e-09
Rs	[Ohm]:	2.1745459431617
Rs_error	[Ohm]:	0.12761552372213994
