615.0	2.8000000000000003	10.0	1.3
624.0	2.8000000000000003	20.0	1.6
628.0	2.8000000000000003	30.0	1.8
631.0	2.8000000000000003	40.0	2.0
632.0	2.8000000000000003	50.0	2.3000000000000003
634.0	2.8000000000000003	60.0	2.5
636.0	2.8000000000000003	70.0	2.7
637.0	2.8000000000000003	80.0	3.0
639.0	2.8000000000000003	90.0	3.2
642.0	2.8000000000000003	100.0	3.4000000000000004
647.0	2.8000000000000003	90.0	3.2
648.0	2.8000000000000003	80.0	3.0
650.0	2.8000000000000003	70.0	2.7
651.0	2.8000000000000003	60.0	2.5
653.0	2.8000000000000003	50.0	2.3000000000000003
654.0	2.8000000000000003	40.0	2.0
656.0	2.8000000000000003	30.0	1.8
658.0	2.8000000000000003	20.0	1.6
662.0	2.8000000000000003	10.0	1.3


Dodatkowe Parametry:

lamb_max: 642.0
lamb_max_error: 2.8000000000000003
Eg[J]: 3.094000000000004e-19
Eg[J]_error: 1.3000000000000016e-21
szer_pol1: 632.0
szer_pol2: 653.0
szer_pol1_error: 5.7
szer_pol2_error: 5.7
