460.0	2.8000000000000003	10.0	1.3
466.0	2.8000000000000003	20.0	1.6
469.0	2.8000000000000003	30.0	1.8
472.0	2.8000000000000003	40.0	2.0
473.0	2.8000000000000003	50.0	2.3000000000000003
474.0	2.8000000000000003	60.0	2.5
475.0	2.8000000000000003	70.0	2.7
477.0	2.8000000000000003	80.0	3.0
479.0	2.8000000000000003	90.0	3.2
484.0	2.8000000000000003	100.0	3.4000000000000004
490.0	2.8000000000000003	90.0	3.2
493.0	2.8000000000000003	80.0	3.0
495.0	2.8000000000000003	70.0	2.7
497.0	2.8000000000000003	60.0	2.5
500.0	2.8000000000000003	50.0	2.3000000000000003
504.0	2.8000000000000003	40.0	2.0
507.0	2.8000000000000003	30.0	1.8
513.0	2.8000000000000003	20.0	1.6
522.0	2.8000000000000003	10.0	1.3


Dodatkowe Parametry:

lamb_max: 484.0
lamb_max_error: 2.8000000000000003
Eg[J]: 4.104000000000005e-19
Eg[J]_error: 2.400000000000003e-21
szer_pol1: 473.0
szer_pol2: 500.0
szer_pol1_error: 5.7
szer_pol2_error: 5.7
