497.0	2.8000000000000003	10.0	1.3
503.0	2.8000000000000003	20.0	1.6
506.0	2.8000000000000003	30.0	1.8
509.0	2.8000000000000003	40.0	2.0
511.0	2.8000000000000003	50.0	2.3000000000000003
513.0	2.8000000000000003	60.0	2.5
515.0	2.8000000000000003	70.0	2.7
517.0	2.8000000000000003	80.0	3.0
519.0	2.8000000000000003	90.0	3.2
525.0	2.8000000000000003	100.0	3.4000000000000004
530.0	2.8000000000000003	90.0	3.2
533.0	2.8000000000000003	80.0	3.0
535.0	2.8000000000000003	70.0	2.7
538.0	2.8000000000000003	60.0	2.5
542.0	2.8000000000000003	50.0	2.3000000000000003
546.0	2.8000000000000003	40.0	2.0
551.0	2.8000000000000003	30.0	1.8
558.0	2.8000000000000003	20.0	1.6
568.0	2.8000000000000003	10.0	1.3


Dodatkowe Parametry:

lamb_max: 525.0
lamb_max_error: 2.8000000000000003
Eg[J]: 3.7830000000000047e-19
Eg[J]_error: 2.0000000000000024e-21
szer_pol1: 511.0
szer_pol2: 542.0
szer_pol1_error: 5.7
szer_pol2_error: 5.7
