575.0	2.8000000000000003	10.0	1.3
581.0	2.8000000000000003	20.0	1.6
584.0	2.8000000000000003	30.0	1.8
587.0	2.8000000000000003	40.0	2.0
588.0	2.8000000000000003	50.0	2.3000000000000003
590.0	2.8000000000000003	60.0	2.5
591.0	2.8000000000000003	70.0	2.7
592.0	2.8000000000000003	80.0	3.0
594.0	2.8000000000000003	90.0	3.2
598.0	2.8000000000000003	100.0	3.4000000000000004
602.0	2.8000000000000003	90.0	3.2
604.0	2.8000000000000003	80.0	3.0
605.0	2.8000000000000003	70.0	2.7
606.0	2.8000000000000003	60.0	2.5
607.0	2.8000000000000003	50.0	2.3000000000000003
609.0	2.8000000000000003	40.0	2.0
611.0	2.8000000000000003	30.0	1.8
613.0	2.8000000000000003	20.0	1.6
616.0	2.8000000000000003	10.0	1.3


Dodatkowe Parametry:

lamb_max: 598.0
lamb_max_error: 2.8000000000000003
Eg[J]: 3.321000000000004e-19
Eg[J]_error: 1.600000000000002e-21
szer_pol1: 588.0
szer_pol2: 607.0
szer_pol1_error: 5.7
szer_pol2_error: 5.7
