0,00000E+0000	0,00000E+0000
0,00000E+0000	0,00000E+0000
0,00000E+0000	0,00000E+0000
2,50000E+0001	0,00000E+0000
5,20000E+0001	0,00000E+0000
7,20000E+0001	1,00000E-0002
8,20000E+0001	1,00000E-0002
9,40000E+0001	0,00000E+0000
1,25000E+0002	0,00000E+0000
1,50000E+0002	0,00000E+0000
1,88000E+0002	0,00000E+0000
2,09000E+0002	1,00000E-0002
2,18000E+0002	0,00000E+0000
2,43000E+0002	1,00000E-0002
2,68000E+0002	0,00000E+0000
2,78000E+0002	0,00000E+0000
3,01000E+0002	0,00000E+0000
3,19000E+0002	0,00000E+0000
3,40000E+0002	1,00000E-0002
3,47000E+0002	0,00000E+0000
3,66000E+0002	0,00000E+0000
3,86000E+0002	0,00000E+0000
3,89000E+0002	0,00000E+0000
4,12000E+0002	0,00000E+0000
4,40000E+0002	0,00000E+0000
4,69000E+0002	0,00000E+0000
4,79000E+0002	0,00000E+0000
4,98000E+0002	0,00000E+0000
5,05000E+0002	0,00000E+0000
5,44000E+0002	0,00000E+0000
5,64000E+0002	0,00000E+0000
5,88000E+0002	0,00000E+0000
6,07000E+0002	0,00000E+0000
6,25000E+0002	0,00000E+0000
6,30000E+0002	0,00000E+0000
6,41000E+0002	0,00000E+0000
6,76000E+0002	0,00000E+0000
7,36000E+0002	0,00000E+0000
7,46000E+0002	0,00000E+0000
7,57000E+0002	0,00000E+0000
7,65000E+0002	0,00000E+0000
7,73000E+0002	0,00000E+0000
7,97000E+0002	0,00000E+0000
8,12000E+0002	0,00000E+0000
8,13000E+0002	0,00000E+0000
8,25000E+0002	0,00000E+0000
8,35000E+0002	1,00000E-0002
8,51000E+0002	0,00000E+0000
8,65000E+0002	0,00000E+0000
8,90000E+0002	0,00000E+0000
9,12000E+0002	0,00000E+0000
9,13000E+0002	0,00000E+0000
9,13000E+0002	1,00000E-0002
9,33000E+0002	0,00000E+0000
9,38000E+0002	0,00000E+0000
9,50000E+0002	0,00000E+0000
9,69000E+0002	0,00000E+0000
9,77000E+0002	0,00000E+0000
9,80000E+0002	1,00000E-0002
9,83000E+0002	0,00000E+0000
9,83000E+0002	0,00000E+0000
9,91000E+0002	0,00000E+0000
9,96000E+0002	0,00000E+0000
9,97000E+0002	0,00000E+0000
9,97000E+0002	0,00000E+0000
1,00100E+0003	1,00000E-0002
1,01000E+0003	0,00000E+0000
1,01300E+0003	-0,00000E+0000
1,01900E+0003	1,00000E-0002
1,02000E+0003	0,00000E+0000
1,02000E+0003	0,00000E+0000
1,02300E+0003	-0,00000E+0000
1,02500E+0003	1,00000E-0002
1,02600E+0003	0,00000E+0000
1,02900E+0003	0,00000E+0000
1,03800E+0003	0,00000E+0000
1,04200E+0003	-0,00000E+0000
1,05000E+0003	0,00000E+0000
1,06100E+0003	0,00000E+0000
1,06500E+0003	0,00000E+0000
1,06900E+0003	0,00000E+0000
1,07700E+0003	0,00000E+0000
1,08100E+0003	0,00000E+0000
1,08400E+0003	1,00000E-0002
1,09100E+0003	0,00000E+0000
1,09400E+0003	0,00000E+0000
1,09800E+0003	0,00000E+0000
1,10100E+0003	1,00000E-0002
1,10400E+0003	1,00000E-0002
1,10400E+0003	-0,00000E+0000
1,10600E+0003	0,00000E+0000
1,11000E+0003	1,00000E-0002
1,12600E+0003	0,00000E+0000
1,13400E+0003	0,00000E+0000
1,13800E+0003	0,00000E+0000
1,14800E+0003	0,00000E+0000
1,15500E+0003	0,00000E+0000
1,16900E+0003	1,00000E-0002
1,18300E+0003	0,00000E+0000
1,18300E+0003	0,00000E+0000
1,19500E+0003	0,00000E+0000
1,20900E+0003	1,00000E-0002
1,21400E+0003	0,00000E+0000
1,22100E+0003	0,00000E+0000
1,22600E+0003	0,00000E+0000
1,23200E+0003	1,00000E-0002
1,23600E+0003	0,00000E+0000
1,24400E+0003	0,00000E+0000
1,25100E+0003	0,00000E+0000
1,25400E+0003	0,00000E+0000
1,25800E+0003	0,00000E+0000
1,26200E+0003	0,00000E+0000
1,26900E+0003	0,00000E+0000
1,28700E+0003	0,00000E+0000
1,30400E+0003	0,00000E+0000
1,31300E+0003	0,00000E+0000
1,31900E+0003	1,00000E-0002
1,32600E+0003	0,00000E+0000
1,32600E+0003	0,00000E+0000
1,33000E+0003	0,00000E+0000
1,34300E+0003	0,00000E+0000
1,35000E+0003	0,00000E+0000
1,35200E+0003	0,00000E+0000
1,35700E+0003	0,00000E+0000
1,36700E+0003	0,00000E+0000
1,37200E+0003	0,00000E+0000
1,38400E+0003	-0,00000E+0000
1,39200E+0003	1,00000E-0002
1,39900E+0003	0,00000E+0000
1,40300E+0003	0,00000E+0000
1,41100E+0003	0,00000E+0000
1,41300E+0003	0,00000E+0000
1,42200E+0003	0,00000E+0000
1,42800E+0003	1,00000E-0002
1,43600E+0003	0,00000E+0000
1,44100E+0003	0,00000E+0000
1,45000E+0003	1,00000E-0002
1,45500E+0003	1,00000E-0002
1,45800E+0003	0,00000E+0000
1,46500E+0003	0,00000E+0000
1,48700E+0003	1,00000E-0002
1,49000E+0003	1,00000E-0002
1,49700E+0003	1,00000E-0002
1,50000E+0003	0,00000E+0000
1,50100E+0003	0,00000E+0000
1,51300E+0003	1,00000E-0002
1,53200E+0003	1,00000E-0002
1,54600E+0003	1,00000E-0002
1,54900E+0003	1,00000E-0002
1,55500E+0003	2,00000E-0002
1,56300E+0003	1,00000E-0002
1,56700E+0003	1,00000E-0002
1,57000E+0003	2,00000E-0002
1,57300E+0003	2,00000E-0002
1,57900E+0003	2,00000E-0002
1,58200E+0003	1,00000E-0002
1,58900E+0003	3,00000E-0002
1,59100E+0003	2,00000E-0002
1,59500E+0003	2,00000E-0002
1,59800E+0003	3,00000E-0002
1,60000E+0003	3,00000E-0002
1,60400E+0003	2,00000E-0002
1,61300E+0003	3,00000E-0002
1,61500E+0003	3,00000E-0002
1,62400E+0003	3,00000E-0002
1,62700E+0003	3,00000E-0002
1,63000E+0003	3,00000E-0002
1,63000E+0003	4,00000E-0002
1,63600E+0003	4,00000E-0002
1,63900E+0003	4,00000E-0002
1,64200E+0003	4,00000E-0002
1,64400E+0003	5,00000E-0002
1,64500E+0003	5,00000E-0002
1,64700E+0003	5,00000E-0002
1,64800E+0003	6,00000E-0002
1,65300E+0003	6,00000E-0002
1,65300E+0003	5,00000E-0002
1,65400E+0003	6,00000E-0002
1,65800E+0003	6,00000E-0002
1,66100E+0003	7,00000E-0002
1,66300E+0003	7,00000E-0002
1,66300E+0003	7,00000E-0002
1,66800E+0003	8,00000E-0002
1,67100E+0003	9,00000E-0002
1,67100E+0003	9,00000E-0002
1,67300E+0003	9,00000E-0002
1,67300E+0003	1,00000E-0001
1,67500E+0003	9,00000E-0002
1,68000E+0003	1,10000E-0001
1,68200E+0003	1,20000E-0001
1,68500E+0003	1,20000E-0001
1,68900E+0003	1,30000E-0001
1,69300E+0003	1,40000E-0001
1,69500E+0003	1,60000E-0001
1,70100E+0003	1,70000E-0001
1,70300E+0003	1,90000E-0001
1,70200E+0003	1,90000E-0001
1,70900E+0003	2,00000E-0001
1,71200E+0003	2,30000E-0001
1,71400E+0003	2,40000E-0001
1,71700E+0003	2,40000E-0001
1,71800E+0003	2,60000E-0001
1,71900E+0003	2,70000E-0001
1,72100E+0003	2,70000E-0001
1,72100E+0003	2,80000E-0001
1,72300E+0003	2,90000E-0001
1,72400E+0003	3,00000E-0001
1,72500E+0003	3,00000E-0001
1,72600E+0003	3,00000E-0001
1,72600E+0003	3,10000E-0001
1,72800E+0003	3,20000E-0001
1,72800E+0003	3,20000E-0001
1,72900E+0003	3,20000E-0001
1,72900E+0003	3,20000E-0001
1,72900E+0003	3,30000E-0001
1,72900E+0003	3,30000E-0001
1,73100E+0003	3,40000E-0001
1,73100E+0003	3,30000E-0001
1,73100E+0003	3,40000E-0001
1,73000E+0003	3,40000E-0001
1,73200E+0003	3,50000E-0001
1,73200E+0003	3,50000E-0001
1,73200E+0003	3,40000E-0001
1,73200E+0003	3,50000E-0001
1,73300E+0003	3,60000E-0001
1,73400E+0003	3,50000E-0001
1,73500E+0003	3,70000E-0001
1,73600E+0003	3,80000E-0001
1,73600E+0003	3,80000E-0001
1,73700E+0003	3,90000E-0001
1,73800E+0003	4,00000E-0001
1,73900E+0003	4,20000E-0001
1,74100E+0003	4,20000E-0001
1,74200E+0003	4,30000E-0001
1,74200E+0003	4,40000E-0001
1,74300E+0003	4,60000E-0001
1,74600E+0003	4,70000E-0001
1,74700E+0003	4,80000E-0001
1,74800E+0003	4,90000E-0001
1,75000E+0003	5,10000E-0001
1,74900E+0003	5,20000E-0001
1,74900E+0003	5,30000E-0001
1,75400E+0003	5,40000E-0001
1,75600E+0003	5,80000E-0001
1,75900E+0003	6,10000E-0001
1,76000E+0003	6,20000E-0001
1,76100E+0003	6,40000E-0001
1,76300E+0003	6,70000E-0001
1,76400E+0003	7,00000E-0001
1,76600E+0003	7,10000E-0001
1,76700E+0003	7,40000E-0001
1,76700E+0003	7,30000E-0001
1,76800E+0003	7,30000E-0001
1,76900E+0003	7,50000E-0001
1,76900E+0003	7,70000E-0001
1,77100E+0003	7,90000E-0001
1,77300E+0003	8,20000E-0001
1,77400E+0003	8,40000E-0001
1,77600E+0003	8,50000E-0001
1,77700E+0003	8,70000E-0001
1,77800E+0003	8,90000E-0001
1,77900E+0003	9,20000E-0001
1,78000E+0003	9,30000E-0001
1,78100E+0003	9,40000E-0001
1,78500E+0003	1,02000E+0000
1,78900E+0003	1,07000E+0000
1,79300E+0003	1,15000E+0000
1,79400E+0003	1,19000E+0000
1,79600E+0003	1,22000E+0000
1,79800E+0003	1,26000E+0000
1,79800E+0003	1,29000E+0000
1,80000E+0003	1,30000E+0000
1,80200E+0003	1,34000E+0000
1,80300E+0003	1,38000E+0000
1,80500E+0003	1,43000E+0000
1,80600E+0003	1,42000E+0000
1,80600E+0003	1,44000E+0000
1,80500E+0003	1,43000E+0000
1,80700E+0003	1,46000E+0000
1,80800E+0003	1,49000E+0000
1,80900E+0003	1,52000E+0000
1,81000E+0003	1,52000E+0000
1,81000E+0003	1,54000E+0000
1,81000E+0003	1,55000E+0000
1,81100E+0003	1,56000E+0000
1,81100E+0003	1,57000E+0000
1,81100E+0003	1,58000E+0000
1,81100E+0003	1,56000E+0000
1,81200E+0003	1,60000E+0000
1,81400E+0003	1,63000E+0000
1,81400E+0003	1,63000E+0000
1,81500E+0003	1,64000E+0000
1,81600E+0003	1,69000E+0000
1,81600E+0003	1,72000E+0000
1,81800E+0003	1,73000E+0000
1,81800E+0003	1,76000E+0000
1,81800E+0003	1,76000E+0000
1,81900E+0003	1,76000E+0000
1,81800E+0003	1,76000E+0000
1,81900E+0003	1,78000E+0000
1,81900E+0003	1,78000E+0000
1,82000E+0003	1,79000E+0000
1,82000E+0003	1,80000E+0000
1,82000E+0003	1,81000E+0000
1,82000E+0003	1,82000E+0000
1,82000E+0003	1,79000E+0000
1,82100E+0003	1,83000E+0000
1,82100E+0003	1,83000E+0000
1,82200E+0003	1,84000E+0000
1,82300E+0003	1,84000E+0000
1,82300E+0003	1,87000E+0000
1,82300E+0003	1,88000E+0000
1,82300E+0003	1,89000E+0000
1,82400E+0003	1,91000E+0000
1,82400E+0003	1,92000E+0000
1,82400E+0003	1,92000E+0000
1,82500E+0003	1,93000E+0000
1,82400E+0003	1,94000E+0000
1,82500E+0003	1,93000E+0000
1,82400E+0003	1,93000E+0000
1,82500E+0003	1,94000E+0000
1,82500E+0003	1,94000E+0000
1,82600E+0003	1,96000E+0000
1,82600E+0003	1,96000E+0000
1,82600E+0003	1,97000E+0000
1,82600E+0003	1,97000E+0000
1,82600E+0003	1,97000E+0000
1,82600E+0003	1,96000E+0000
1,82700E+0003	1,99000E+0000
1,82700E+0003	1,99000E+0000
1,82700E+0003	2,00000E+0000
1,82700E+0003	2,00000E+0000
1,82700E+0003	2,00000E+0000
1,82800E+0003	2,03000E+0000
1,82700E+0003	2,00000E+0000
1,82700E+0003	2,03000E+0000
1,82900E+0003	2,03000E+0000
1,82800E+0003	2,03000E+0000
1,82800E+0003	2,03000E+0000
1,82900E+0003	2,05000E+0000
1,83000E+0003	2,06000E+0000
1,83100E+0003	2,08000E+0000
1,83100E+0003	2,09000E+0000
1,83100E+0003	2,10000E+0000
1,83200E+0003	2,13000E+0000
1,83200E+0003	2,13000E+0000
1,83300E+0003	2,16000E+0000
1,83300E+0003	2,17000E+0000
1,83500E+0003	2,23000E+0000
1,83600E+0003	2,24000E+0000
1,83600E+0003	2,25000E+0000
1,83600E+0003	2,25000E+0000
1,83600E+0003	2,24000E+0000
1,83600E+0003	2,26000E+0000
1,83700E+0003	2,28000E+0000
1,83700E+0003	2,30000E+0000
1,83800E+0003	2,32000E+0000
1,83800E+0003	2,34000E+0000
1,84000E+0003	2,35000E+0000
1,83900E+0003	2,37000E+0000
1,84000E+0003	2,38000E+0000
1,84000E+0003	2,43000E+0000
1,84100E+0003	2,43000E+0000
1,84400E+0003	2,52000E+0000
1,84300E+0003	2,49000E+0000
1,84400E+0003	2,52000E+0000
1,84400E+0003	2,53000E+0000
1,84500E+0003	2,52000E+0000
1,84400E+0003	2,53000E+0000
1,84500E+0003	2,54000E+0000
1,84400E+0003	2,54000E+0000
1,84400E+0003	2,54000E+0000
1,84400E+0003	2,54000E+0000
1,84500E+0003	2,55000E+0000
1,84500E+0003	2,60000E+0000
1,84600E+0003	2,61000E+0000
1,84700E+0003	2,62000E+0000
1,84700E+0003	2,63000E+0000
1,84700E+0003	2,63000E+0000
1,84700E+0003	2,64000E+0000
1,84800E+0003	2,65000E+0000
1,84800E+0003	2,65000E+0000
1,84900E+0003	2,68000E+0000
1,84900E+0003	2,69000E+0000
1,85100E+0003	2,74000E+0000
1,85100E+0003	2,77000E+0000
1,85200E+0003	2,80000E+0000
1,85300E+0003	2,83000E+0000
1,85500E+0003	2,92000E+0000
1,85700E+0003	3,02000E+0000
1,85800E+0003	3,05000E+0000
1,85900E+0003	3,09000E+0000
1,85900E+0003	3,14000E+0000
1,86200E+0003	3,22000E+0000
1,86100E+0003	3,22000E+0000
1,86400E+0003	3,29000E+0000
1,86400E+0003	3,34000E+0000
1,86500E+0003	3,36000E+0000
1,86700E+0003	3,40000E+0000
1,86700E+0003	3,43000E+0000
1,86800E+0003	3,47000E+0000
1,86800E+0003	3,49000E+0000
1,86900E+0003	3,53000E+0000
1,86900E+0003	3,53000E+0000
1,87000E+0003	3,56000E+0000
1,87100E+0003	3,61000E+0000
1,87100E+0003	3,63000E+0000
1,87200E+0003	3,65000E+0000
1,87300E+0003	3,69000E+0000
1,87300E+0003	3,72000E+0000
1,87400E+0003	3,72000E+0000
1,87300E+0003	3,72000E+0000
1,87300E+0003	3,72000E+0000
1,87400E+0003	3,71000E+0000
1,87400E+0003	3,72000E+0000
1,87500E+0003	3,78000E+0000
1,87600E+0003	3,78000E+0000
1,87600E+0003	3,81000E+0000
1,87600E+0003	3,85000E+0000
1,87700E+0003	3,85000E+0000
1,87700E+0003	3,87000E+0000
1,87700E+0003	3,90000E+0000
1,87700E+0003	3,91000E+0000
1,87800E+0003	3,92000E+0000
1,87800E+0003	3,92000E+0000
1,87800E+0003	3,94000E+0000
1,87900E+0003	3,97000E+0000
1,88100E+0003	4,02000E+0000
1,88100E+0003	4,07000E+0000
1,88300E+0003	4,09000E+0000
1,88300E+0003	4,13000E+0000
1,88300E+0003	4,14000E+0000
1,88400E+0003	4,16000E+0000
1,88400E+0003	4,20000E+0000
1,88500E+0003	4,22000E+0000
1,88500E+0003	4,23000E+0000
1,88600E+0003	4,24000E+0000
1,88600E+0003	4,25000E+0000
1,88600E+0003	4,29000E+0000
1,88700E+0003	4,30000E+0000
1,88700E+0003	4,34000E+0000
1,88800E+0003	4,38000E+0000
1,88800E+0003	4,36000E+0000
1,88900E+0003	4,44000E+0000
1,89000E+0003	4,53000E+0000
1,89200E+0003	4,53000E+0000
1,89300E+0003	4,62000E+0000
1,89400E+0003	4,70000E+0000
1,89500E+0003	4,76000E+0000
1,89500E+0003	4,77000E+0000
1,89600E+0003	4,83000E+0000
1,89700E+0003	4,81000E+0000
1,89700E+0003	4,85000E+0000
1,89800E+0003	4,89000E+0000
1,89800E+0003	4,92000E+0000
1,89800E+0003	4,94000E+0000
1,89900E+0003	4,99000E+0000
1,90000E+0003	5,02000E+0000
1,90000E+0003	5,04000E+0000
1,90100E+0003	5,06000E+0000
1,90100E+0003	5,10000E+0000
1,90200E+0003	5,12000E+0000
1,90100E+0003	5,13000E+0000
1,90200E+0003	5,14000E+0000
1,90300E+0003	5,16000E+0000
1,90300E+0003	5,15000E+0000
1,90300E+0003	5,21000E+0000
1,90200E+0003	5,22000E+0000
1,90400E+0003	5,26000E+0000
1,90500E+0003	5,30000E+0000
1,90600E+0003	5,42000E+0000
1,90700E+0003	5,46000E+0000
1,90900E+0003	5,57000E+0000
1,91000E+0003	5,62000E+0000
1,91100E+0003	5,64000E+0000
1,91100E+0003	5,65000E+0000
1,91100E+0003	5,67000E+0000
1,91200E+0003	5,68000E+0000
1,91100E+0003	5,68000E+0000
1,91100E+0003	5,70000E+0000
1,91200E+0003	5,73000E+0000
1,91200E+0003	5,72000E+0000
1,91200E+0003	5,73000E+0000
1,91200E+0003	5,73000E+0000
1,91200E+0003	5,72000E+0000
1,91300E+0003	5,75000E+0000
1,91300E+0003	5,79000E+0000
1,91400E+0003	5,80000E+0000
1,91400E+0003	5,82000E+0000
1,91400E+0003	5,84000E+0000
1,91100E+0003	5,85000E+0000
1,91100E+0003	5,86000E+0000
1,91100E+0003	5,88000E+0000
1,91100E+0003	5,88000E+0000
1,91000E+0003	5,89000E+0000
1,91100E+0003	5,89000E+0000
1,91100E+0003	5,92000E+0000
1,91100E+0003	5,91000E+0000
1,91200E+0003	5,92000E+0000
1,91100E+0003	5,95000E+0000
1,91200E+0003	5,95000E+0000
1,91300E+0003	6,02000E+0000
1,91300E+0003	6,07000E+0000
1,91400E+0003	6,10000E+0000
1,91400E+0003	6,13000E+0000
1,91600E+0003	6,25000E+0000
1,91600E+0003	6,24000E+0000
1,91700E+0003	6,31000E+0000
1,91900E+0003	6,38000E+0000
1,91900E+0003	6,41000E+0000
1,91900E+0003	6,42000E+0000
1,91900E+0003	6,47000E+0000
1,91900E+0003	6,51000E+0000
1,92000E+0003	6,53000E+0000
1,92000E+0003	6,55000E+0000
1,92100E+0003	6,58000E+0000
1,92100E+0003	6,64000E+0000
1,92200E+0003	6,66000E+0000
1,92100E+0003	6,63000E+0000
1,92200E+0003	6,62000E+0000
1,92100E+0003	6,62000E+0000
1,92100E+0003	6,62000E+0000
1,92100E+0003	6,63000E+0000
1,92100E+0003	6,63000E+0000
1,92200E+0003	6,63000E+0000
1,92100E+0003	6,71000E+0000
1,92400E+0003	6,75000E+0000
1,92400E+0003	6,81000E+0000
1,92400E+0003	6,89000E+0000
1,92500E+0003	6,89000E+0000
1,92600E+0003	6,94000E+0000
1,92700E+0003	6,97000E+0000
1,92700E+0003	7,00000E+0000
1,92700E+0003	7,01000E+0000
1,92700E+0003	7,02000E+0000
1,92700E+0003	7,02000E+0000
1,92700E+0003	7,03000E+0000
1,92700E+0003	7,03000E+0000
1,92700E+0003	7,04000E+0000
1,92700E+0003	7,03000E+0000
1,92700E+0003	7,04000E+0000
1,92700E+0003	7,06000E+0000
1,92800E+0003	7,07000E+0000
1,92800E+0003	7,06000E+0000
1,92700E+0003	7,07000E+0000
1,92800E+0003	7,08000E+0000
1,92800E+0003	7,08000E+0000
1,92700E+0003	7,08000E+0000
1,92800E+0003	7,10000E+0000
1,92800E+0003	7,10000E+0000
1,92800E+0003	7,11000E+0000
1,92800E+0003	7,11000E+0000
1,92800E+0003	7,12000E+0000
1,92800E+0003	7,12000E+0000
1,92900E+0003	7,13000E+0000
1,92800E+0003	7,15000E+0000
1,92800E+0003	7,16000E+0000
1,92900E+0003	7,16000E+0000
1,92900E+0003	7,17000E+0000
1,92900E+0003	7,19000E+0000
1,92900E+0003	7,19000E+0000
1,92900E+0003	7,20000E+0000
1,93000E+0003	7,21000E+0000
1,93000E+0003	7,22000E+0000
1,92900E+0003	7,23000E+0000
1,93000E+0003	7,23000E+0000
1,92900E+0003	7,23000E+0000
1,93000E+0003	7,23000E+0000
1,93000E+0003	7,25000E+0000
1,93000E+0003	7,25000E+0000
1,93000E+0003	7,24000E+0000
1,93000E+0003	7,26000E+0000
1,93000E+0003	7,25000E+0000
1,93000E+0003	7,25000E+0000
1,93100E+0003	7,28000E+0000
1,93000E+0003	7,28000E+0000
1,93000E+0003	7,31000E+0000
1,93000E+0003	7,31000E+0000
1,93000E+0003	7,31000E+0000
1,93000E+0003	7,32000E+0000
1,93000E+0003	7,33000E+0000
1,93100E+0003	7,34000E+0000
1,93000E+0003	7,34000E+0000
1,93100E+0003	7,36000E+0000
1,93000E+0003	7,37000E+0000
1,93000E+0003	7,36000E+0000
1,93000E+0003	7,35000E+0000
1,93100E+0003	7,35000E+0000
1,93000E+0003	7,38000E+0000
1,93000E+0003	7,39000E+0000
1,93100E+0003	7,40000E+0000
1,92900E+0003	7,39000E+0000
1,92900E+0003	7,39000E+0000
1,92900E+0003	7,41000E+0000
1,93100E+0003	7,41000E+0000
1,93100E+0003	7,44000E+0000
1,93300E+0003	7,46000E+0000
1,93200E+0003	7,46000E+0000
1,93200E+0003	7,47000E+0000
1,93200E+0003	7,48000E+0000
1,93200E+0003	7,49000E+0000
1,93200E+0003	7,48000E+0000
1,93300E+0003	7,50000E+0000
1,93300E+0003	7,51000E+0000
1,93300E+0003	7,53000E+0000
1,93300E+0003	7,53000E+0000
1,93300E+0003	7,52000E+0000
1,93300E+0003	7,52000E+0000
1,93400E+0003	7,53000E+0000
1,93400E+0003	7,53000E+0000
1,93400E+0003	7,54000E+0000
1,93400E+0003	7,56000E+0000
1,93400E+0003	7,59000E+0000
1,93500E+0003	7,63000E+0000
1,93700E+0003	7,75000E+0000
1,93800E+0003	7,86000E+0000
1,93800E+0003	7,91000E+0000
1,93900E+0003	7,99000E+0000
1,94000E+0003	8,03000E+0000
1,94100E+0003	8,12000E+0000
1,94100E+0003	8,15000E+0000
1,94200E+0003	8,22000E+0000
1,94300E+0003	8,31000E+0000
1,94400E+0003	8,36000E+0000
1,94500E+0003	8,44000E+0000
1,94500E+0003	8,50000E+0000
1,94600E+0003	8,55000E+0000
1,94700E+0003	8,62000E+0000
1,94800E+0003	8,75000E+0000
1,94900E+0003	8,83000E+0000
1,95100E+0003	8,93000E+0000
1,95200E+0003	9,08000E+0000
1,95300E+0003	9,13000E+0000
1,95500E+0003	9,27000E+0000
1,95600E+0003	9,41000E+0000
1,95600E+0003	9,43000E+0000
1,95600E+0003	9,44000E+0000
1,95700E+0003	9,51000E+0000
1,95700E+0003	9,54000E+0000
1,95700E+0003	9,54000E+0000
1,95800E+0003	9,57000E+0000
1,95700E+0003	9,61000E+0000
1,95900E+0003	9,62000E+0000
1,95800E+0003	9,64000E+0000
1,95900E+0003	9,66000E+0000
1,96000E+0003	9,73000E+0000
1,96000E+0003	9,74000E+0000
1,96000E+0003	9,78000E+0000
1,96000E+0003	9,81000E+0000
1,96000E+0003	9,83000E+0000
1,96000E+0003	9,82000E+0000
1,96000E+0003	9,89000E+0000
1,96100E+0003	9,87000E+0000
1,96100E+0003	9,92000E+0000
1,96100E+0003	9,94000E+0000
1,96100E+0003	9,96000E+0000
1,96200E+0003	9,99000E+0000
1,96200E+0003	1,00400E+0001
1,96200E+0003	1,00500E+0001
1,96200E+0003	1,00800E+0001
1,96300E+0003	1,01100E+0001
1,96300E+0003	1,00600E+0001
1,96400E+0003	1,02000E+0001
1,96500E+0003	1,02600E+0001
1,96500E+0003	1,03100E+0001
1,96500E+0003	1,03200E+0001
1,96500E+0003	1,03300E+0001
1,96600E+0003	1,03300E+0001
1,96500E+0003	1,03400E+0001
1,96500E+0003	1,03400E+0001
1,96500E+0003	1,03500E+0001
1,96600E+0003	1,03600E+0001
1,96600E+0003	1,03700E+0001
1,96400E+0003	1,03700E+0001
1,96400E+0003	1,03700E+0001
1,96400E+0003	1,03700E+0001
1,96400E+0003	1,04000E+0001
1,96300E+0003	1,03400E+0001
1,96500E+0003	1,04400E+0001
1,96700E+0003	1,04700E+0001
1,96600E+0003	1,05200E+0001
1,96600E+0003	1,05400E+0001
1,96800E+0003	1,06000E+0001
1,96900E+0003	1,06500E+0001
1,96900E+0003	1,06600E+0001
1,96700E+0003	1,07300E+0001
1,96700E+0003	1,06400E+0001
1,96800E+0003	1,07300E+0001
1,96800E+0003	1,08000E+0001
1,96800E+0003	1,08300E+0001
1,96900E+0003	1,08900E+0001
1,97000E+0003	1,09200E+0001
1,97000E+0003	1,09400E+0001
1,97000E+0003	1,10300E+0001
1,96900E+0003	1,09300E+0001
1,97000E+0003	1,10200E+0001
1,97000E+0003	1,10700E+0001
1,97100E+0003	1,11000E+0001
1,96900E+0003	1,11100E+0001
1,97000E+0003	1,09900E+0001
1,97100E+0003	1,11500E+0001
1,97200E+0003	1,12400E+0001
1,97300E+0003	1,13400E+0001
1,97300E+0003	1,12100E+0001
1,97200E+0003	1,12000E+0001
1,97500E+0003	1,15700E+0001
1,97500E+0003	1,16600E+0001
1,97600E+0003	1,17100E+0001
1,97700E+0003	1,17000E+0001
1,97700E+0003	1,18000E+0001
1,97900E+0003	1,18500E+0001
1,98200E+0003	1,22300E+0001
1,98300E+0003	1,25200E+0001
1,98500E+0003	1,26100E+0001
1,98500E+0003	1,26700E+0001
1,98500E+0003	1,27100E+0001
1,98600E+0003	1,27700E+0001
1,98700E+0003	1,28600E+0001
1,98900E+0003	1,31300E+0001
1,99000E+0003	1,33400E+0001
1,99200E+0003	1,34100E+0001
1,99200E+0003	1,35000E+0001
1,99300E+0003	1,36100E+0001
1,99400E+0003	1,36800E+0001
1,99400E+0003	1,38000E+0001
1,99500E+0003	1,38300E+0001
1,99500E+0003	1,38400E+0001
1,99500E+0003	1,39100E+0001
1,99500E+0003	1,39300E+0001
1,99600E+0003	1,39200E+0001
1,99500E+0003	1,38500E+0001
1,99500E+0003	1,39600E+0001
1,99600E+0003	1,41400E+0001
1,99700E+0003	1,41300E+0001
1,99700E+0003	1,41400E+0001
1,99600E+0003	1,40900E+0001
1,99600E+0003	1,40600E+0001
1,99300E+0003	1,38500E+0001
1,99600E+0003	1,41200E+0001
1,99600E+0003	1,41200E+0001
1,99600E+0003	1,41300E+0001
1,99700E+0003	1,40600E+0001
1,99700E+0003	1,41400E+0001
1,99600E+0003	1,41500E+0001
1,99600E+0003	1,41100E+0001
1,99800E+0003	1,41900E+0001
1,99700E+0003	1,41700E+0001
1,99700E+0003	1,42300E+0001
1,99700E+0003	1,42400E+0001
1,99700E+0003	1,42200E+0001
1,99700E+0003	1,42500E+0001
1,99700E+0003	1,42500E+0001
1,99800E+0003	1,42500E+0001
1,99800E+0003	1,42600E+0001
1,99800E+0003	1,42600E+0001
1,99800E+0003	1,42600E+0001
1,99800E+0003	1,42600E+0001
1,99800E+0003	1,42600E+0001
1,99700E+0003	1,42800E+0001
1,99700E+0003	1,42800E+0001
1,99800E+0003	1,42600E+0001
1,99900E+0003	1,43900E+0001
1,99800E+0003	1,43100E+0001
2,00000E+0003	1,44700E+0001
1,99900E+0003	1,45000E+0001
2,00000E+0003	1,46000E+0001
2,00100E+0003	1,47200E+0001
2,00100E+0003	1,47300E+0001
2,00100E+0003	1,47300E+0001
2,00100E+0003	1,48000E+0001
2,00100E+0003	1,48300E+0001
2,00200E+0003	1,48300E+0001
2,00200E+0003	1,49200E+0001
2,00300E+0003	1,50000E+0001
2,00300E+0003	1,50600E+0001
2,00400E+0003	1,50700E+0001
2,00500E+0003	1,51800E+0001
2,00600E+0003	1,52400E+0001
2,00600E+0003	1,53600E+0001
2,00700E+0003	1,54700E+0001
2,00700E+0003	1,55600E+0001
2,00800E+0003	1,57000E+0001
2,00900E+0003	1,57900E+0001
2,00800E+0003	1,57500E+0001
2,00800E+0003	1,58300E+0001
2,00900E+0003	1,59200E+0001
2,00800E+0003	1,59600E+0001
2,01000E+0003	1,59700E+0001
2,00900E+0003	1,59800E+0001
2,01000E+0003	1,60200E+0001
2,01000E+0003	1,60400E+0001
2,01100E+0003	1,61300E+0001
2,01100E+0003	1,61800E+0001
2,01100E+0003	1,62500E+0001
2,01100E+0003	1,63200E+0001
2,01200E+0003	1,64300E+0001
2,01300E+0003	1,65300E+0001
2,01300E+0003	1,65000E+0001
2,01200E+0003	1,66600E+0001
2,01200E+0003	1,67200E+0001
2,01300E+0003	1,68000E+0001
2,01200E+0003	1,68200E+0001
2,01200E+0003	1,68200E+0001
2,01300E+0003	1,68600E+0001
2,01200E+0003	1,68300E+0001
2,01200E+0003	1,68700E+0001
2,01300E+0003	1,70000E+0001
2,01400E+0003	1,70300E+0001
2,01400E+0003	1,70100E+0001
2,01300E+0003	1,70300E+0001
2,01600E+0003	1,70400E+0001
2,01400E+0003	1,71000E+0001
2,01400E+0003	1,71400E+0001
2,01500E+0003	1,71700E+0001
2,01500E+0003	1,71600E+0001
2,01600E+0003	1,71500E+0001
2,01600E+0003	1,74400E+0001
2,01700E+0003	1,75200E+0001
2,01800E+0003	1,73800E+0001
2,01800E+0003	1,75500E+0001
2,01800E+0003	1,76400E+0001
2,01900E+0003	1,78100E+0001
2,02100E+0003	1,78300E+0001
2,02100E+0003	1,79300E+0001
2,02000E+0003	1,79200E+0001
2,01900E+0003	1,80300E+0001
2,02300E+0003	1,82200E+0001
2,02500E+0003	1,87100E+0001
2,02700E+0003	1,89900E+0001
2,02800E+0003	1,90400E+0001
2,02500E+0003	1,86700E+0001
2,02400E+0003	1,84500E+0001
2,02300E+0003	1,84700E+0001
2,02300E+0003	1,83400E+0001
2,02700E+0003	1,89100E+0001
2,02700E+0003	1,90500E+0001
2,02800E+0003	1,91800E+0001
2,02800E+0003	1,92500E+0001
2,02900E+0003	1,94300E+0001
2,03100E+0003	1,95300E+0001
2,03200E+0003	1,98000E+0001
2,03200E+0003	1,98600E+0001
2,03200E+0003	1,99500E+0001
2,03200E+0003	2,00300E+0001
2,03300E+0003	2,01200E+0001
2,03200E+0003	2,01400E+0001
2,03300E+0003	2,01300E+0001
2,03300E+0003	2,02300E+0001
2,03300E+0003	2,02900E+0001
2,03300E+0003	2,02800E+0001
2,03300E+0003	2,03900E+0001
2,03400E+0003	2,04300E+0001
2,03300E+0003	2,04700E+0001
2,03300E+0003	2,05700E+0001
2,03400E+0003	2,06900E+0001
2,03400E+0003	2,07800E+0001
2,03400E+0003	2,08300E+0001
2,03400E+0003	2,08500E+0001
2,03500E+0003	2,08900E+0001
2,03400E+0003	2,09500E+0001
2,03400E+0003	2,09700E+0001
2,03500E+0003	2,10700E+0001
2,03600E+0003	2,11400E+0001
2,03600E+0003	2,12500E+0001
2,03600E+0003	2,12600E+0001
2,03600E+0003	2,10700E+0001
2,03700E+0003	2,14500E+0001
2,03700E+0003	2,16400E+0001
2,03800E+0003	2,16900E+0001
2,03800E+0003	2,18100E+0001
2,03900E+0003	2,18000E+0001
2,03900E+0003	2,18600E+0001
2,03900E+0003	2,18500E+0001
2,04000E+0003	2,19000E+0001
2,03900E+0003	2,21400E+0001
2,04000E+0003	2,21400E+0001
2,03900E+0003	2,20700E+0001
2,04100E+0003	2,23800E+0001
2,04200E+0003	2,22900E+0001
2,04300E+0003	2,27200E+0001
2,04200E+0003	2,27400E+0001
2,04300E+0003	2,26900E+0001
2,04300E+0003	2,29000E+0001
2,04500E+0003	2,29500E+0001
2,04400E+0003	2,30500E+0001
2,04400E+0003	2,30900E+0001
2,04500E+0003	2,32000E+0001
2,04300E+0003	2,32100E+0001
2,04500E+0003	2,32100E+0001
2,04500E+0003	2,34000E+0001
2,04500E+0003	2,35100E+0001
2,04600E+0003	2,34800E+0001
2,04600E+0003	2,35300E+0001
2,04700E+0003	2,36600E+0001
2,04700E+0003	2,37000E+0001
2,04700E+0003	2,37200E+0001
2,04700E+0003	2,36300E+0001
2,04700E+0003	2,36900E+0001
2,04600E+0003	2,37200E+0001
