-3,00000E+0000	-0,00000E+0000
-3,00000E+0000	0,00000E+0000
-3,00000E+0000	0,00000E+0000
1,90000E+0001	0,00000E+0000
4,10000E+0001	-0,00000E+0000
5,80000E+0001	0,00000E+0000
7,40000E+0001	0,00000E+0000
9,00000E+0001	0,00000E+0000
9,70000E+0001	0,00000E+0000
1,17000E+0002	1,00000E-0002
1,41000E+0002	0,00000E+0000
1,55000E+0002	0,00000E+0000
1,73000E+0002	0,00000E+0000
1,90000E+0002	1,00000E-0002
2,02000E+0002	0,00000E+0000
2,20000E+0002	0,00000E+0000
2,45000E+0002	0,00000E+0000
2,91000E+0002	0,00000E+0000
3,10000E+0002	0,00000E+0000
3,32000E+0002	1,00000E-0002
3,59000E+0002	0,00000E+0000
3,72000E+0002	0,00000E+0000
3,87000E+0002	0,00000E+0000
4,15000E+0002	1,00000E-0002
4,30000E+0002	0,00000E+0000
4,46000E+0002	-0,00000E+0000
4,66000E+0002	0,00000E+0000
4,71000E+0002	0,00000E+0000
4,77000E+0002	-0,00000E+0000
4,84000E+0002	1,00000E-0002
4,96000E+0002	0,00000E+0000
5,02000E+0002	0,00000E+0000
5,11000E+0002	1,00000E-0002
5,18000E+0002	1,00000E-0002
5,26000E+0002	0,00000E+0000
5,42000E+0002	0,00000E+0000
5,60000E+0002	0,00000E+0000
5,67000E+0002	0,00000E+0000
5,85000E+0002	0,00000E+0000
5,97000E+0002	-0,00000E+0000
6,12000E+0002	0,00000E+0000
6,18000E+0002	0,00000E+0000
6,28000E+0002	-0,00000E+0000
6,34000E+0002	0,00000E+0000
6,37000E+0002	0,00000E+0000
6,39000E+0002	1,00000E-0002
6,41000E+0002	0,00000E+0000
6,45000E+0002	0,00000E+0000
6,52000E+0002	0,00000E+0000
6,57000E+0002	0,00000E+0000
6,60000E+0002	0,00000E+0000
6,69000E+0002	1,00000E-0002
6,76000E+0002	0,00000E+0000
6,79000E+0002	0,00000E+0000
6,85000E+0002	1,00000E-0002
6,93000E+0002	0,00000E+0000
6,98000E+0002	0,00000E+0000
7,05000E+0002	1,00000E-0002
7,08000E+0002	1,00000E-0002
7,11000E+0002	0,00000E+0000
7,17000E+0002	1,00000E-0002
7,21000E+0002	1,00000E-0002
7,29000E+0002	1,00000E-0002
7,40000E+0002	1,00000E-0002
7,52000E+0002	1,00000E-0002
7,63000E+0002	0,00000E+0000
7,67000E+0002	0,00000E+0000
7,72000E+0002	0,00000E+0000
7,75000E+0002	1,00000E-0002
7,78000E+0002	0,00000E+0000
7,85000E+0002	1,00000E-0002
7,92000E+0002	1,00000E-0002
7,96000E+0002	1,00000E-0002
8,04000E+0002	1,00000E-0002
8,11000E+0002	1,00000E-0002
8,23000E+0002	1,00000E-0002
8,25000E+0002	1,00000E-0002
8,32000E+0002	1,00000E-0002
8,33000E+0002	1,00000E-0002
8,46000E+0002	2,00000E-0002
8,59000E+0002	2,00000E-0002
8,68000E+0002	2,00000E-0002
8,69000E+0002	2,00000E-0002
8,75000E+0002	2,00000E-0002
8,77000E+0002	2,00000E-0002
8,79000E+0002	3,00000E-0002
8,85000E+0002	3,00000E-0002
8,91000E+0002	3,00000E-0002
8,98000E+0002	3,00000E-0002
9,01000E+0002	3,00000E-0002
9,07000E+0002	4,00000E-0002
9,13000E+0002	5,00000E-0002
9,13000E+0002	5,00000E-0002
9,18000E+0002	3,00000E-0002
9,23000E+0002	5,00000E-0002
9,24000E+0002	6,00000E-0002
9,29000E+0002	6,00000E-0002
9,32000E+0002	6,00000E-0002
9,34000E+0002	7,00000E-0002
9,35000E+0002	8,00000E-0002
9,38000E+0002	8,00000E-0002
9,43000E+0002	9,00000E-0002
9,48000E+0002	1,00000E-0001
9,52000E+0002	1,10000E-0001
9,56000E+0002	1,10000E-0001
9,58000E+0002	1,20000E-0001
9,62000E+0002	1,20000E-0001
9,66000E+0002	1,30000E-0001
9,69000E+0002	1,40000E-0001
9,75000E+0002	1,50000E-0001
9,78000E+0002	1,60000E-0001
9,84000E+0002	1,90000E-0001
9,86000E+0002	2,10000E-0001
9,93000E+0002	2,20000E-0001
9,96000E+0002	2,30000E-0001
1,00000E+0003	2,60000E-0001
1,00400E+0003	2,60000E-0001
1,00700E+0003	2,80000E-0001
1,00900E+0003	3,00000E-0001
1,01200E+0003	3,20000E-0001
1,01400E+0003	3,30000E-0001
1,01500E+0003	3,40000E-0001
1,01900E+0003	3,60000E-0001
1,02100E+0003	3,80000E-0001
1,02300E+0003	4,00000E-0001
1,02500E+0003	4,20000E-0001
1,03000E+0003	4,40000E-0001
1,03100E+0003	4,80000E-0001
1,03500E+0003	5,10000E-0001
1,03800E+0003	5,30000E-0001
1,04000E+0003	5,50000E-0001
1,04200E+0003	5,90000E-0001
1,04400E+0003	6,00000E-0001
1,04600E+0003	6,20000E-0001
1,04800E+0003	6,50000E-0001
1,04900E+0003	6,70000E-0001
1,05300E+0003	7,20000E-0001
1,05600E+0003	7,80000E-0001
1,05900E+0003	8,10000E-0001
1,06200E+0003	8,70000E-0001
1,06300E+0003	9,40000E-0001
1,06600E+0003	9,80000E-0001
1,06800E+0003	1,01000E+0000
1,06800E+0003	1,01000E+0000
1,06800E+0003	1,04000E+0000
1,07100E+0003	1,06000E+0000
1,07100E+0003	1,10000E+0000
1,07300E+0003	1,13000E+0000
1,07500E+0003	1,18000E+0000
1,07600E+0003	1,21000E+0000
1,07700E+0003	1,23000E+0000
1,07700E+0003	1,23000E+0000
1,07700E+0003	1,25000E+0000
1,07900E+0003	1,28000E+0000
1,07900E+0003	1,30000E+0000
1,08000E+0003	1,33000E+0000
1,08000E+0003	1,34000E+0000
1,08100E+0003	1,36000E+0000
1,08200E+0003	1,39000E+0000
1,08400E+0003	1,43000E+0000
1,08400E+0003	1,46000E+0000
1,08500E+0003	1,48000E+0000
1,08700E+0003	1,53000E+0000
1,08700E+0003	1,55000E+0000
1,08800E+0003	1,58000E+0000
1,08900E+0003	1,62000E+0000
1,08900E+0003	1,66000E+0000
1,09000E+0003	1,68000E+0000
1,09100E+0003	1,70000E+0000
1,09300E+0003	1,76000E+0000
1,09200E+0003	1,78000E+0000
1,09400E+0003	1,83000E+0000
1,09500E+0003	1,85000E+0000
1,09500E+0003	1,90000E+0000
1,09600E+0003	1,91000E+0000
1,09700E+0003	1,97000E+0000
1,09800E+0003	2,03000E+0000
1,09900E+0003	2,05000E+0000
1,10000E+0003	2,09000E+0000
1,10000E+0003	2,13000E+0000
1,10100E+0003	2,15000E+0000
1,10100E+0003	2,19000E+0000
1,10200E+0003	2,24000E+0000
1,10300E+0003	2,27000E+0000
1,10400E+0003	2,30000E+0000
1,10500E+0003	2,36000E+0000
1,10400E+0003	2,39000E+0000
1,10500E+0003	2,41000E+0000
1,10600E+0003	2,44000E+0000
1,10700E+0003	2,47000E+0000
1,10700E+0003	2,47000E+0000
1,10800E+0003	2,55000E+0000
1,10900E+0003	2,69000E+0000
1,11000E+0003	2,65000E+0000
1,11000E+0003	2,69000E+0000
1,11100E+0003	2,75000E+0000
1,11100E+0003	2,77000E+0000
1,11200E+0003	2,82000E+0000
1,11300E+0003	2,91000E+0000
1,11400E+0003	2,97000E+0000
1,11500E+0003	3,00000E+0000
1,11500E+0003	3,04000E+0000
1,11600E+0003	3,13000E+0000
1,11700E+0003	3,16000E+0000
1,11800E+0003	3,23000E+0000
1,11800E+0003	3,29000E+0000
1,11900E+0003	3,32000E+0000
1,11900E+0003	3,36000E+0000
1,11900E+0003	3,42000E+0000
1,12000E+0003	3,43000E+0000
1,12000E+0003	3,46000E+0000
1,12100E+0003	3,51000E+0000
1,12100E+0003	3,54000E+0000
1,12200E+0003	3,57000E+0000
1,12200E+0003	3,63000E+0000
1,12200E+0003	3,64000E+0000
1,12300E+0003	3,67000E+0000
1,12300E+0003	3,71000E+0000
1,12300E+0003	3,73000E+0000
1,12400E+0003	3,76000E+0000
1,12400E+0003	3,81000E+0000
1,12500E+0003	3,83000E+0000
1,12500E+0003	3,84000E+0000
1,12500E+0003	3,92000E+0000
1,12600E+0003	3,95000E+0000
1,12600E+0003	3,99000E+0000
1,12600E+0003	4,01000E+0000
1,12600E+0003	4,05000E+0000
1,12800E+0003	4,26000E+0000
1,12900E+0003	4,32000E+0000
1,12900E+0003	4,33000E+0000
1,13000E+0003	4,38000E+0000
1,13000E+0003	4,43000E+0000
1,13200E+0003	4,57000E+0000
1,13200E+0003	4,65000E+0000
1,13300E+0003	4,64000E+0000
1,13300E+0003	4,74000E+0000
1,13300E+0003	4,81000E+0000
1,13500E+0003	4,87000E+0000
1,13500E+0003	4,99000E+0000
1,13600E+0003	5,08000E+0000
1,13700E+0003	5,14000E+0000
1,13700E+0003	5,22000E+0000
1,13800E+0003	5,27000E+0000
1,13700E+0003	5,30000E+0000
1,13800E+0003	5,31000E+0000
1,13800E+0003	5,38000E+0000
1,13900E+0003	5,45000E+0000
1,13900E+0003	5,49000E+0000
1,14000E+0003	5,59000E+0000
1,14100E+0003	5,71000E+0000
1,14200E+0003	5,77000E+0000
1,14200E+0003	5,88000E+0000
1,14300E+0003	5,98000E+0000
1,14300E+0003	6,04000E+0000
1,14300E+0003	6,11000E+0000
1,14400E+0003	6,21000E+0000
1,14400E+0003	6,25000E+0000
1,14500E+0003	6,30000E+0000
1,14500E+0003	6,37000E+0000
1,14500E+0003	6,43000E+0000
1,14600E+0003	6,44000E+0000
1,14600E+0003	6,52000E+0000
1,14600E+0003	6,55000E+0000
1,14700E+0003	6,60000E+0000
1,14700E+0003	6,67000E+0000
1,14800E+0003	6,72000E+0000
1,14800E+0003	6,76000E+0000
1,14800E+0003	6,78000E+0000
1,14800E+0003	6,76000E+0000
1,14900E+0003	6,93000E+0000
1,14900E+0003	6,98000E+0000
1,14000E+0003	7,09000E+0000
1,15000E+0003	7,14000E+0000
1,15100E+0003	7,20000E+0000
1,15100E+0003	7,28000E+0000
1,15100E+0003	7,33000E+0000
1,15100E+0003	7,35000E+0000
1,15200E+0003	7,44000E+0000
1,15100E+0003	7,53000E+0000
1,15300E+0003	7,55000E+0000
1,15300E+0003	7,70000E+0000
1,15400E+0003	7,80000E+0000
1,15400E+0003	7,85000E+0000
1,15400E+0003	7,92000E+0000
1,15500E+0003	7,97000E+0000
1,15500E+0003	8,03000E+0000
1,15500E+0003	8,05000E+0000
1,15500E+0003	8,13000E+0000
1,15600E+0003	8,22000E+0000
1,15600E+0003	8,22000E+0000
1,15700E+0003	8,33000E+0000
1,15700E+0003	8,42000E+0000
1,15700E+0003	8,43000E+0000
1,15700E+0003	8,50000E+0000
1,15700E+0003	8,59000E+0000
1,15800E+0003	8,63000E+0000
1,15800E+0003	8,67000E+0000
1,15800E+0003	8,75000E+0000
1,15900E+0003	8,83000E+0000
1,15900E+0003	8,88000E+0000
1,15900E+0003	8,99000E+0000
1,16000E+0003	9,03000E+0000
1,16000E+0003	9,06000E+0000
1,16100E+0003	9,17000E+0000
1,16100E+0003	9,24000E+0000
1,16100E+0003	9,31000E+0000
1,16100E+0003	9,36000E+0000
1,16100E+0003	9,43000E+0000
1,16200E+0003	9,48000E+0000
1,16200E+0003	9,57000E+0000
1,16300E+0003	9,64000E+0000
1,16300E+0003	9,66000E+0000
1,16300E+0003	9,68000E+0000
1,16300E+0003	9,77000E+0000
1,16400E+0003	9,81000E+0000
1,16400E+0003	9,88000E+0000
1,16400E+0003	9,93000E+0000
1,16400E+0003	1,00200E+0001
1,16500E+0003	1,00500E+0001
1,16500E+0003	1,01400E+0001
1,16600E+0003	1,01600E+0001
1,16500E+0003	1,01800E+0001
1,16500E+0003	1,03100E+0001
1,16600E+0003	1,03400E+0001
1,16600E+0003	1,03100E+0001
1,16600E+0003	1,04100E+0001
1,16600E+0003	1,04500E+0001
1,16700E+0003	1,04800E+0001
1,16700E+0003	1,05200E+0001
1,16700E+0003	1,05900E+0001
1,16700E+0003	1,06500E+0001
1,16700E+0003	1,06800E+0001
1,16700E+0003	1,07400E+0001
1,16700E+0003	1,08200E+0001
1,16800E+0003	1,08700E+0001
1,16800E+0003	1,09600E+0001
1,16800E+0003	1,10400E+0001
1,16900E+0003	1,11000E+0001
1,17000E+0003	1,12700E+0001
1,17000E+0003	1,13600E+0001
1,17000E+0003	1,15100E+0001
1,17000E+0003	1,15300E+0001
1,17100E+0003	1,16400E+0001
1,17100E+0003	1,18400E+0001
1,17100E+0003	1,18900E+0001
1,17200E+0003	1,19900E+0001
1,17200E+0003	1,22400E+0001
1,17300E+0003	1,22800E+0001
1,17300E+0003	1,23900E+0001
1,17300E+0003	1,24100E+0001
1,17400E+0003	1,24600E+0001
1,17400E+0003	1,25500E+0001
1,17500E+0003	1,26900E+0001
1,17500E+0003	1,27300E+0001
1,17500E+0003	1,28300E+0001
1,17500E+0003	1,28800E+0001
1,17500E+0003	1,29900E+0001
1,17500E+0003	1,30500E+0001
1,17600E+0003	1,31300E+0001
1,17600E+0003	1,32300E+0001
1,17700E+0003	1,33700E+0001
1,17700E+0003	1,34600E+0001
1,17700E+0003	1,36000E+0001
1,17700E+0003	1,36300E+0001
1,17800E+0003	1,37500E+0001
1,17800E+0003	1,38200E+0001
1,17800E+0003	1,39300E+0001
1,17900E+0003	1,40300E+0001
1,18000E+0003	1,42400E+0001
1,18000E+0003	1,43300E+0001
1,18000E+0003	1,43900E+0001
1,18100E+0003	1,46000E+0001
1,18100E+0003	1,47300E+0001
1,18100E+0003	1,47600E+0001
1,18200E+0003	1,49200E+0001
1,18200E+0003	1,49800E+0001
1,18200E+0003	1,50300E+0001
1,18200E+0003	1,51900E+0001
1,18300E+0003	1,52600E+0001
1,18300E+0003	1,53000E+0001
1,18400E+0003	1,55800E+0001
1,18400E+0003	1,57700E+0001
1,18600E+0003	1,59100E+0001
1,18500E+0003	1,60400E+0001
1,18500E+0003	1,61200E+0001
1,18600E+0003	1,62800E+0001
1,18600E+0003	1,63300E+0001
1,18600E+0003	1,64600E+0001
1,18700E+0003	1,68200E+0001
1,18800E+0003	1,69000E+0001
1,18900E+0003	1,71800E+0001
1,18900E+0003	1,73400E+0001
1,18900E+0003	1,74300E+0001
1,19000E+0003	1,76200E+0001
1,19000E+0003	1,78000E+0001
1,19100E+0003	1,79800E+0001
1,19100E+0003	1,81100E+0001
1,19100E+0003	1,83300E+0001
1,19200E+0003	1,83900E+0001
1,19200E+0003	1,84300E+0001
1,19200E+0003	1,84200E+0001
1,19200E+0003	1,84300E+0001
1,19200E+0003	1,85200E+0001
1,19200E+0003	1,85400E+0001
1,19100E+0003	1,85500E+0001
1,19300E+0003	1,87200E+0001
1,19200E+0003	1,87900E+0001
1,19200E+0003	1,88300E+0001
1,19200E+0003	1,88800E+0001
1,19300E+0003	1,89700E+0001
1,19300E+0003	1,90100E+0001
1,19300E+0003	1,90800E+0001
1,19300E+0003	1,91300E+0001
1,19400E+0003	1,92300E+0001
1,19400E+0003	1,93500E+0001
1,19400E+0003	1,94400E+0001
1,19400E+0003	1,95200E+0001
1,19400E+0003	1,96900E+0001
1,19500E+0003	1,96800E+0001
1,19500E+0003	1,98200E+0001
1,19500E+0003	1,99200E+0001
1,19600E+0003	1,99000E+0001
1,19500E+0003	1,99100E+0001
1,19600E+0003	1,99500E+0001
1,19600E+0003	2,01100E+0001
1,19600E+0003	2,02300E+0001
1,19600E+0003	2,02200E+0001
1,19600E+0003	2,03300E+0001
1,19600E+0003	2,03700E+0001
1,19700E+0003	2,03400E+0001
1,19700E+0003	2,05700E+0001
1,19700E+0003	2,05900E+0001
1,19700E+0003	2,07300E+0001
1,19800E+0003	2,08600E+0001
1,19900E+0003	2,09700E+0001
1,19800E+0003	2,10800E+0001
1,19800E+0003	2,12500E+0001
1,19800E+0003	2,11500E+0001
1,19900E+0003	2,13800E+0001
1,19900E+0003	2,15000E+0001
1,19900E+0003	2,15200E+0001
1,19900E+0003	2,15900E+0001
1,19900E+0003	2,16900E+0001
1,20000E+0003	2,16900E+0001
1,20000E+0003	2,17900E+0001
1,20000E+0003	2,18300E+0001
1,20000E+0003	2,19600E+0001
1,20000E+0003	2,19700E+0001
1,20000E+0003	2,20700E+0001
1,20000E+0003	2,21600E+0001
1,20100E+0003	2,22200E+0001
1,20100E+0003	2,24700E+0001
1,20200E+0003	2,25300E+0001
1,20200E+0003	2,25300E+0001
1,20200E+0003	2,25900E+0001
1,20200E+0003	2,28600E+0001
1,20200E+0003	2,28300E+0001
1,20200E+0003	2,27200E+0001
1,20200E+0003	2,29600E+0001
1,20200E+0003	2,30400E+0001
1,20200E+0003	2,30300E+0001
1,20300E+0003	2,30700E+0001
1,20300E+0003	2,30600E+0001
1,20300E+0003	2,33700E+0001
1,20300E+0003	2,33500E+0001
1,20300E+0003	2,34700E+0001
1,20300E+0003	2,36500E+0001
1,20300E+0003	2,37500E+0001
1,20300E+0003	2,37700E+0001
1,20300E+0003	2,39700E+0001
1,20400E+0003	2,41000E+0001
1,20400E+0003	2,42300E+0001
1,20500E+0003	2,43100E+0001
1,20500E+0003	2,43900E+0001
1,20500E+0003	2,44300E+0001
1,20500E+0003	2,45700E+0001
1,20600E+0003	2,47400E+0001
1,20600E+0003	2,48400E+0001
1,20600E+0003	2,48300E+0001
1,20600E+0003	2,50200E+0001
1,20600E+0003	2,50100E+0001
1,20600E+0003	2,52300E+0001
1,20700E+0003	2,52200E+0001
1,20700E+0003	2,52700E+0001
1,20700E+0003	2,55000E+0001
1,20700E+0003	2,54700E+0001
1,20700E+0003	2,56200E+0001
1,20700E+0003	2,57600E+0001
1,20800E+0003	2,57500E+0001
1,20800E+0003	2,58600E+0001
1,20800E+0003	2,59700E+0001
1,20800E+0003	2,60600E+0001
1,20800E+0003	2,61000E+0001
1,20900E+0003	2,62400E+0001
1,20800E+0003	2,63100E+0001
1,20900E+0003	2,63800E+0001
1,20900E+0003	2,64100E+0001
1,20900E+0003	2,67300E+0001
1,21000E+0003	2,67600E+0001
1,21000E+0003	2,70800E+0001
1,21000E+0003	2,71700E+0001
1,21000E+0003	2,72400E+0001
1,21000E+0003	2,73300E+0001
1,21100E+0003	2,74600E+0001
1,21100E+0003	2,74500E+0001
1,21100E+0003	2,75200E+0001
1,21100E+0003	2,77300E+0001
1,21100E+0003	2,75700E+0001
1,21200E+0003	2,79500E+0001
1,21200E+0003	2,81900E+0001
1,21200E+0003	2,83400E+0001
1,21300E+0003	2,84300E+0001
1,21300E+0003	2,86100E+0001
1,21300E+0003	2,88100E+0001
1,21400E+0003	2,88600E+0001
1,21400E+0003	2,90100E+0001
1,21400E+0003	2,91700E+0001
1,21500E+0003	2,90900E+0001
