0,00000E+0000	0,00000E+0000
1,00000E+0000	0,00000E+0000
0,00000E+0000	0,00000E+0000
0,00000E+0000	0,00000E+0000
5,50000E+0001	0,00000E+0000
7,40000E+0001	0,00000E+0000
8,20000E+0001	-0,00000E+0000
9,60000E+0001	1,00000E-0002
1,08000E+0002	0,00000E+0000
1,16000E+0002	0,00000E+0000
1,37000E+0002	0,00000E+0000
1,49000E+0002	0,00000E+0000
1,54000E+0002	0,00000E+0000
1,70000E+0002	0,00000E+0000
1,82000E+0002	0,00000E+0000
1,93000E+0002	0,00000E+0000
2,03000E+0002	0,00000E+0000
2,11000E+0002	0,00000E+0000
2,15000E+0002	0,00000E+0000
2,24000E+0002	-0,00000E+0000
2,30000E+0002	0,00000E+0000
2,33000E+0002	0,00000E+0000
2,40000E+0002	-0,00000E+0000
2,50000E+0002	0,00000E+0000
2,65000E+0002	0,00000E+0000
2,71000E+0002	0,00000E+0000
2,81000E+0002	0,00000E+0000
2,94000E+0002	0,00000E+0000
2,98000E+0002	0,00000E+0000
3,10000E+0002	1,00000E-0002
3,28000E+0002	0,00000E+0000
3,34000E+0002	0,00000E+0000
3,45000E+0002	0,00000E+0000
3,55000E+0002	0,00000E+0000
3,58000E+0002	0,00000E+0000
3,68000E+0002	1,00000E-0002
3,78000E+0002	0,00000E+0000
4,03000E+0002	0,00000E+0000
4,09000E+0002	-0,00000E+0000
4,16000E+0002	0,00000E+0000
4,22000E+0002	0,00000E+0000
4,35000E+0002	-0,00000E+0000
4,50000E+0002	-0,00000E+0000
4,73000E+0002	1,00000E-0002
4,85000E+0002	0,00000E+0000
5,02000E+0002	1,00000E-0002
5,31000E+0002	0,00000E+0000
5,42000E+0002	0,00000E+0000
5,57000E+0002	1,00000E-0002
5,62000E+0002	0,00000E+0000
5,72000E+0002	0,00000E+0000
5,87000E+0002	-0,00000E+0000
6,10000E+0002	0,00000E+0000
6,24000E+0002	0,00000E+0000
6,29000E+0002	0,00000E+0000
6,47000E+0002	0,00000E+0000
6,64000E+0002	1,00000E-0002
6,70000E+0002	0,00000E+0000
6,82000E+0002	0,00000E+0000
6,89000E+0002	1,00000E-0002
6,93000E+0002	0,00000E+0000
6,98000E+0002	0,00000E+0000
7,02000E+0002	0,00000E+0000
7,08000E+0002	0,00000E+0000
7,08000E+0002	0,00000E+0000
7,12000E+0002	0,00000E+0000
7,14000E+0002	0,00000E+0000
7,15000E+0002	0,00000E+0000
7,15000E+0002	0,00000E+0000
7,15000E+0002	0,00000E+0000
7,18000E+0002	0,00000E+0000
7,18000E+0002	0,00000E+0000
7,24000E+0002	0,00000E+0000
7,24000E+0002	0,00000E+0000
7,28000E+0002	0,00000E+0000
7,34000E+0002	0,00000E+0000
7,40000E+0002	0,00000E+0000
7,42000E+0002	1,00000E-0002
7,45000E+0002	1,00000E-0002
7,47000E+0002	0,00000E+0000
7,47000E+0002	0,00000E+0000
7,51000E+0002	0,00000E+0000
7,53000E+0002	0,00000E+0000
7,55000E+0002	0,00000E+0000
7,60000E+0002	0,00000E+0000
7,63000E+0002	1,00000E-0002
7,67000E+0002	-0,00000E+0000
7,70000E+0002	0,00000E+0000
7,73000E+0002	0,00000E+0000
7,73000E+0002	1,00000E-0002
7,73000E+0002	1,00000E-0002
7,73000E+0002	0,00000E+0000
7,75000E+0002	0,00000E+0000
7,76000E+0002	0,00000E+0000
7,82000E+0002	0,00000E+0000
7,89000E+0002	-0,00000E+0000
7,91000E+0002	-0,00000E+0000
7,94000E+0002	0,00000E+0000
7,98000E+0002	1,00000E-0002
8,00000E+0002	0,00000E+0000
8,06000E+0002	0,00000E+0000
8,08000E+0002	1,00000E-0002
8,11000E+0002	0,00000E+0000
8,15000E+0002	-0,00000E+0000
8,19000E+0002	0,00000E+0000
8,20000E+0002	0,00000E+0000
8,22000E+0002	0,00000E+0000
8,31000E+0002	0,00000E+0000
8,52000E+0002	0,00000E+0000
8,54000E+0002	0,00000E+0000
8,66000E+0002	0,00000E+0000
8,73000E+0002	0,00000E+0000
8,75000E+0002	0,00000E+0000
8,81000E+0002	0,00000E+0000
8,97000E+0002	0,00000E+0000
9,01000E+0002	0,00000E+0000
9,12000E+0002	0,00000E+0000
9,27000E+0002	1,00000E-0002
9,34000E+0002	0,00000E+0000
9,42000E+0002	0,00000E+0000
9,48000E+0002	0,00000E+0000
9,54000E+0002	0,00000E+0000
9,61000E+0002	0,00000E+0000
9,68000E+0002	0,00000E+0000
9,68000E+0002	0,00000E+0000
9,77000E+0002	0,00000E+0000
9,88000E+0002	0,00000E+0000
9,92000E+0002	0,00000E+0000
9,97000E+0002	0,00000E+0000
1,01200E+0003	0,00000E+0000
1,03000E+0003	0,00000E+0000
1,03600E+0003	0,00000E+0000
1,04500E+0003	0,00000E+0000
1,05300E+0003	1,00000E-0002
1,05600E+0003	0,00000E+0000
1,06500E+0003	0,00000E+0000
1,07600E+0003	1,00000E-0002
1,09600E+0003	0,00000E+0000
1,10900E+0003	0,00000E+0000
1,12700E+0003	0,00000E+0000
1,14300E+0003	0,00000E+0000
1,14800E+0003	0,00000E+0000
1,16500E+0003	0,00000E+0000
1,18100E+0003	0,00000E+0000
1,18400E+0003	0,00000E+0000
1,19400E+0003	0,00000E+0000
1,20300E+0003	0,00000E+0000
1,20700E+0003	0,00000E+0000
1,21600E+0003	0,00000E+0000
1,22600E+0003	0,00000E+0000
1,23400E+0003	0,00000E+0000
1,23600E+0003	0,00000E+0000
1,24500E+0003	0,00000E+0000
1,24900E+0003	0,00000E+0000
1,25100E+0003	0,00000E+0000
1,25700E+0003	0,00000E+0000
1,26400E+0003	0,00000E+0000
1,26500E+0003	0,00000E+0000
1,27000E+0003	0,00000E+0000
1,27600E+0003	0,00000E+0000
1,28200E+0003	0,00000E+0000
1,28700E+0003	0,00000E+0000
1,30600E+0003	0,00000E+0000
1,31000E+0003	0,00000E+0000
1,31600E+0003	0,00000E+0000
1,32200E+0003	0,00000E+0000
1,32800E+0003	0,00000E+0000
1,33000E+0003	0,00000E+0000
1,33200E+0003	1,00000E-0002
1,33500E+0003	0,00000E+0000
1,33800E+0003	0,00000E+0000
1,33800E+0003	0,00000E+0000
1,34500E+0003	0,00000E+0000
1,34500E+0003	0,00000E+0000
1,34800E+0003	0,00000E+0000
1,35400E+0003	0,00000E+0000
1,35700E+0003	1,00000E-0002
1,35900E+0003	1,00000E-0002
1,36500E+0003	0,00000E+0000
1,37300E+0003	0,00000E+0000
1,37400E+0003	0,00000E+0000
1,38100E+0003	-0,00000E+0000
1,38700E+0003	1,00000E-0002
1,38900E+0003	0,00000E+0000
1,39200E+0003	0,00000E+0000
1,39300E+0003	1,00000E-0002
1,39500E+0003	0,00000E+0000
1,39900E+0003	0,00000E+0000
1,40700E+0003	0,00000E+0000
1,42100E+0003	0,00000E+0000
1,42400E+0003	0,00000E+0000
1,43100E+0003	0,00000E+0000
1,43700E+0003	0,00000E+0000
1,44000E+0003	-0,00000E+0000
1,44800E+0003	0,00000E+0000
1,45400E+0003	0,00000E+0000
1,45600E+0003	0,00000E+0000
1,46900E+0003	0,00000E+0000
1,48800E+0003	0,00000E+0000
1,49100E+0003	0,00000E+0000
1,49800E+0003	1,00000E-0002
1,52800E+0003	0,00000E+0000
1,53700E+0003	0,00000E+0000
1,54900E+0003	0,00000E+0000
1,55300E+0003	1,00000E-0002
1,56100E+0003	1,00000E-0002
1,57600E+0003	1,00000E-0002
1,59400E+0003	1,00000E-0002
1,60600E+0003	2,00000E-0002
1,60700E+0003	2,00000E-0002
1,61700E+0003	2,00000E-0002
1,61800E+0003	2,00000E-0002
1,62400E+0003	3,00000E-0002
1,63000E+0003	3,00000E-0002
1,64200E+0003	3,00000E-0002
1,64800E+0003	3,00000E-0002
1,65400E+0003	4,00000E-0002
1,65100E+0003	3,00000E-0002
1,65600E+0003	5,00000E-0002
1,67000E+0003	6,00000E-0002
1,67500E+0003	7,00000E-0002
1,67800E+0003	8,00000E-0002
1,68200E+0003	8,00000E-0002
1,68500E+0003	9,00000E-0002
1,68600E+0003	1,00000E-0001
1,69000E+0003	1,00000E-0001
1,69800E+0003	1,20000E-0001
1,69900E+0003	1,10000E-0001
1,70100E+0003	1,20000E-0001
1,70300E+0003	1,30000E-0001
1,70600E+0003	1,50000E-0001
1,70800E+0003	1,50000E-0001
1,71000E+0003	1,60000E-0001
1,71200E+0003	1,70000E-0001
1,71200E+0003	1,70000E-0001
1,71200E+0003	1,60000E-0001
1,71300E+0003	1,80000E-0001
1,71400E+0003	1,70000E-0001
1,71500E+0003	1,90000E-0001
1,71800E+0003	1,90000E-0001
1,72000E+0003	2,00000E-0001
1,72100E+0003	2,20000E-0001
1,72400E+0003	2,20000E-0001
1,72800E+0003	2,50000E-0001
1,72800E+0003	2,60000E-0001
1,73100E+0003	2,60000E-0001
1,73300E+0003	2,80000E-0001
1,73300E+0003	2,90000E-0001
1,73700E+0003	3,10000E-0001
1,73800E+0003	3,30000E-0001
1,74000E+0003	3,40000E-0001
1,74200E+0003	3,60000E-0001
1,74600E+0003	3,80000E-0001
1,74800E+0003	4,20000E-0001
1,74900E+0003	4,30000E-0001
1,75100E+0003	4,50000E-0001
1,75300E+0003	4,70000E-0001
1,75400E+0003	5,20000E-0001
1,75700E+0003	5,20000E-0001
1,76000E+0003	5,60000E-0001
1,76000E+0003	6,00000E-0001
1,76300E+0003	6,30000E-0001
1,76600E+0003	6,60000E-0001
1,76600E+0003	6,70000E-0001
1,76600E+0003	6,70000E-0001
1,76700E+0003	6,70000E-0001
1,76700E+0003	7,00000E-0001
1,76800E+0003	7,00000E-0001
1,76900E+0003	7,20000E-0001
1,76900E+0003	7,30000E-0001
1,77000E+0003	7,40000E-0001
1,77100E+0003	7,50000E-0001
1,77200E+0003	7,90000E-0001
1,77200E+0003	8,00000E-0001
1,77400E+0003	8,30000E-0001
1,77500E+0003	8,50000E-0001
1,77500E+0003	8,70000E-0001
1,77800E+0003	8,90000E-0001
1,77900E+0003	9,40000E-0001
1,78000E+0003	9,90000E-0001
1,78300E+0003	1,02000E+0000
1,78400E+0003	1,05000E+0000
1,78600E+0003	1,10000E+0000
1,78600E+0003	1,18000E+0000
1,78900E+0003	1,21000E+0000
1,79000E+0003	1,23000E+0000
1,79000E+0003	1,27000E+0000
1,79200E+0003	1,30000E+0000
1,79400E+0003	1,35000E+0000
1,79500E+0003	1,41000E+0000
1,79600E+0003	1,44000E+0000
1,79900E+0003	1,52000E+0000
1,80000E+0003	1,58000E+0000
1,80300E+0003	1,62000E+0000
1,80400E+0003	1,73000E+0000
1,80600E+0003	1,84000E+0000
1,80800E+0003	1,92000E+0000
1,81000E+0003	2,00000E+0000
1,81100E+0003	2,03000E+0000
1,81100E+0003	2,07000E+0000
1,81300E+0003	2,11000E+0000
1,81400E+0003	2,18000E+0000
1,81600E+0003	2,28000E+0000
1,81700E+0003	2,31000E+0000
1,81800E+0003	2,35000E+0000
1,81800E+0003	2,38000E+0000
1,81900E+0003	2,40000E+0000
1,81900E+0003	2,39000E+0000
1,81900E+0003	2,43000E+0000
1,81900E+0003	2,45000E+0000
1,82000E+0003	2,49000E+0000
1,82100E+0003	2,52000E+0000
1,82200E+0003	2,57000E+0000
1,82200E+0003	2,57000E+0000
1,82300E+0003	2,62000E+0000
1,82400E+0003	2,66000E+0000
1,82400E+0003	2,64000E+0000
1,82500E+0003	2,73000E+0000
1,82500E+0003	2,77000E+0000
1,82600E+0003	2,82000E+0000
1,82700E+0003	2,86000E+0000
1,82700E+0003	2,92000E+0000
1,82900E+0003	2,98000E+0000
1,83000E+0003	3,02000E+0000
1,83000E+0003	3,06000E+0000
1,83100E+0003	3,08000E+0000
1,83300E+0003	3,20000E+0000
1,83400E+0003	3,31000E+0000
1,83500E+0003	3,38000E+0000
1,83600E+0003	3,42000E+0000
1,83700E+0003	3,49000E+0000
1,83700E+0003	3,56000E+0000
1,83800E+0003	3,60000E+0000
1,83900E+0003	3,67000E+0000
1,84000E+0003	3,75000E+0000
1,84000E+0003	3,80000E+0000
1,84100E+0003	3,82000E+0000
1,84200E+0003	3,86000E+0000
1,84200E+0003	3,92000E+0000
1,84200E+0003	3,94000E+0000
1,84300E+0003	3,96000E+0000
1,84400E+0003	4,03000E+0000
1,84400E+0003	4,04000E+0000
1,84500E+0003	4,10000E+0000
1,84500E+0003	4,16000E+0000
1,84600E+0003	4,20000E+0000
1,84600E+0003	4,21000E+0000
1,84700E+0003	4,25000E+0000
1,84700E+0003	4,27000E+0000
1,84700E+0003	4,31000E+0000
1,84800E+0003	4,34000E+0000
1,84800E+0003	4,37000E+0000
1,84900E+0003	4,42000E+0000
1,85000E+0003	4,50000E+0000
1,85000E+0003	4,51000E+0000
1,85100E+0003	4,57000E+0000
1,85200E+0003	4,66000E+0000
1,85300E+0003	4,72000E+0000
1,85300E+0003	4,74000E+0000
1,85300E+0003	4,77000E+0000
1,85300E+0003	4,78000E+0000
1,85400E+0003	4,81000E+0000
1,85300E+0003	4,82000E+0000
1,85400E+0003	4,84000E+0000
1,85400E+0003	4,89000E+0000
1,85400E+0003	4,89000E+0000
1,85400E+0003	4,91000E+0000
1,85500E+0003	4,92000E+0000
1,85500E+0003	4,92000E+0000
1,85500E+0003	4,93000E+0000
1,85500E+0003	4,97000E+0000
1,85600E+0003	5,02000E+0000
1,85600E+0003	5,07000E+0000
1,85600E+0003	5,10000E+0000
1,85600E+0003	5,11000E+0000
1,85700E+0003	5,13000E+0000
1,85700E+0003	5,14000E+0000
1,85700E+0003	5,16000E+0000
1,85700E+0003	5,16000E+0000
1,85800E+0003	5,24000E+0000
1,85700E+0003	5,27000E+0000
1,85900E+0003	5,31000E+0000
1,85800E+0003	5,33000E+0000
1,85900E+0003	5,37000E+0000
1,86000E+0003	5,40000E+0000
1,85800E+0003	5,32000E+0000
1,85900E+0003	5,45000E+0000
1,86000E+0003	5,42000E+0000
1,86000E+0003	5,45000E+0000
1,86100E+0003	5,50000E+0000
1,86000E+0003	5,49000E+0000
1,86100E+0003	5,51000E+0000
1,86100E+0003	5,51000E+0000
1,86100E+0003	5,51000E+0000
1,86100E+0003	5,52000E+0000
1,86100E+0003	5,53000E+0000
1,86000E+0003	5,54000E+0000
1,86100E+0003	5,54000E+0000
1,86100E+0003	5,56000E+0000
1,86100E+0003	5,58000E+0000
1,86100E+0003	5,58000E+0000
1,86100E+0003	5,59000E+0000
1,86100E+0003	5,62000E+0000
1,86100E+0003	5,62000E+0000
1,86200E+0003	5,68000E+0000
1,86200E+0003	5,71000E+0000
1,86100E+0003	5,72000E+0000
1,86200E+0003	5,75000E+0000
1,86300E+0003	5,74000E+0000
1,86300E+0003	5,78000E+0000
1,86400E+0003	5,80000E+0000
1,86400E+0003	5,83000E+0000
1,86400E+0003	5,93000E+0000
1,86700E+0003	6,04000E+0000
1,86700E+0003	6,13000E+0000
1,86700E+0003	6,16000E+0000
1,86800E+0003	6,18000E+0000
1,86800E+0003	6,24000E+0000
1,86800E+0003	6,32000E+0000
1,86900E+0003	6,35000E+0000
1,87000E+0003	6,43000E+0000
1,87100E+0003	6,46000E+0000
1,87100E+0003	6,63000E+0000
1,87200E+0003	6,64000E+0000
1,87300E+0003	6,70000E+0000
1,87300E+0003	6,80000E+0000
1,87300E+0003	6,86000E+0000
1,87500E+0003	7,02000E+0000
1,87500E+0003	7,12000E+0000
1,87700E+0003	7,22000E+0000
1,87700E+0003	7,22000E+0000
1,87800E+0003	7,32000E+0000
1,87900E+0003	7,39000E+0000
1,87900E+0003	7,50000E+0000
1,88100E+0003	7,62000E+0000
1,88100E+0003	7,69000E+0000
1,88100E+0003	7,71000E+0000
1,88200E+0003	7,73000E+0000
1,88200E+0003	7,77000E+0000
1,88300E+0003	7,76000E+0000
1,88300E+0003	7,86000E+0000
1,88400E+0003	7,92000E+0000
1,88400E+0003	7,95000E+0000
1,88400E+0003	7,98000E+0000
1,88400E+0003	8,03000E+0000
1,88400E+0003	8,05000E+0000
1,88500E+0003	8,09000E+0000
1,88500E+0003	8,13000E+0000
1,88500E+0003	8,15000E+0000
1,88600E+0003	8,19000E+0000
1,88600E+0003	8,25000E+0000
1,88600E+0003	8,31000E+0000
1,88700E+0003	8,33000E+0000
1,88700E+0003	8,42000E+0000
1,88700E+0003	8,44000E+0000
1,88800E+0003	8,46000E+0000
1,88800E+0003	8,44000E+0000
1,88800E+0003	8,52000E+0000
1,88900E+0003	8,53000E+0000
1,88800E+0003	8,54000E+0000
1,88900E+0003	8,59000E+0000
1,88900E+0003	8,62000E+0000
1,88900E+0003	8,62000E+0000
1,89000E+0003	8,65000E+0000
1,89100E+0003	8,72000E+0000
1,89000E+0003	8,75000E+0000
1,89000E+0003	8,82000E+0000
1,89100E+0003	8,90000E+0000
1,89200E+0003	8,94000E+0000
1,89300E+0003	9,01000E+0000
1,89300E+0003	9,11000E+0000
1,89300E+0003	9,13000E+0000
1,89300E+0003	9,17000E+0000
1,89400E+0003	9,21000E+0000
1,89400E+0003	9,24000E+0000
1,89400E+0003	9,23000E+0000
1,89500E+0003	9,31000E+0000
1,89500E+0003	9,34000E+0000
1,89500E+0003	9,34000E+0000
1,89500E+0003	9,42000E+0000
1,89500E+0003	9,44000E+0000
1,89500E+0003	9,47000E+0000
1,89600E+0003	9,55000E+0000
1,89600E+0003	9,63000E+0000
1,89700E+0003	9,67000E+0000
1,89700E+0003	9,72000E+0000
1,89700E+0003	9,72000E+0000
1,89700E+0003	9,71000E+0000
1,89800E+0003	9,82000E+0000
1,89900E+0003	9,88000E+0000
1,89900E+0003	9,93000E+0000
1,89900E+0003	9,92000E+0000
1,89800E+0003	9,91000E+0000
1,89800E+0003	9,92000E+0000
1,89900E+0003	9,93000E+0000
1,89800E+0003	9,93000E+0000
1,89800E+0003	9,97000E+0000
1,89900E+0003	9,97000E+0000
1,89900E+0003	1,00100E+0001
1,89900E+0003	1,00000E+0001
1,89900E+0003	1,00400E+0001
1,89900E+0003	1,00500E+0001
1,89900E+0003	1,00400E+0001
1,90000E+0003	1,00500E+0001
1,90000E+0003	1,01100E+0001
1,90000E+0003	1,01400E+0001
1,90000E+0003	1,01400E+0001
1,90000E+0003	1,01400E+0001
1,90100E+0003	1,01500E+0001
1,90100E+0003	1,01900E+0001
1,90100E+0003	1,02200E+0001
1,90000E+0003	1,02600E+0001
1,90100E+0003	1,03000E+0001
1,90200E+0003	1,03700E+0001
1,90200E+0003	1,04200E+0001
1,90100E+0003	1,04100E+0001
1,90200E+0003	1,04200E+0001
1,90200E+0003	1,04300E+0001
1,90200E+0003	1,04600E+0001
1,90300E+0003	1,04600E+0001
1,90300E+0003	1,04700E+0001
1,90300E+0003	1,04800E+0001
1,90300E+0003	1,05100E+0001
1,90400E+0003	1,05700E+0001
1,90400E+0003	1,05800E+0001
1,90400E+0003	1,06000E+0001
1,90400E+0003	1,06000E+0001
1,90300E+0003	1,06100E+0001
1,90300E+0003	1,06100E+0001
1,90400E+0003	1,06500E+0001
1,90400E+0003	1,06900E+0001
1,90500E+0003	1,07200E+0001
1,90500E+0003	1,07300E+0001
1,90500E+0003	1,07600E+0001
1,90500E+0003	1,07200E+0001
1,90500E+0003	1,07900E+0001
1,90500E+0003	1,07800E+0001
1,90500E+0003	1,08000E+0001
1,90500E+0003	1,07600E+0001
1,90500E+0003	1,07500E+0001
1,90600E+0003	1,08400E+0001
1,90600E+0003	1,09000E+0001
1,90600E+0003	1,08800E+0001
1,90600E+0003	1,08700E+0001
1,90600E+0003	1,09200E+0001
1,90700E+0003	1,09600E+0001
1,90700E+0003	1,09900E+0001
1,90700E+0003	1,10000E+0001
1,90700E+0003	1,10300E+0001
1,90700E+0003	1,10200E+0001
1,90700E+0003	1,10300E+0001
1,90700E+0003	1,10400E+0001
1,90700E+0003	1,10100E+0001
1,90700E+0003	1,10400E+0001
1,90700E+0003	1,11200E+0001
1,90800E+0003	1,11500E+0001
1,90800E+0003	1,12000E+0001
1,90900E+0003	1,12300E+0001
1,90900E+0003	1,12200E+0001
1,91000E+0003	1,13200E+0001
1,90900E+0003	1,13000E+0001
1,91000E+0003	1,13900E+0001
1,91000E+0003	1,13900E+0001
1,91000E+0003	1,14200E+0001
1,91000E+0003	1,14000E+0001
1,91000E+0003	1,14400E+0001
1,91000E+0003	1,14700E+0001
1,91100E+0003	1,14800E+0001
1,91100E+0003	1,14900E+0001
1,91000E+0003	1,15200E+0001
1,91100E+0003	1,15600E+0001
1,91100E+0003	1,15300E+0001
1,91100E+0003	1,15600E+0001
1,91100E+0003	1,16000E+0001
1,91200E+0003	1,16500E+0001
1,91200E+0003	1,16200E+0001
1,91200E+0003	1,16300E+0001
1,91200E+0003	1,17100E+0001
1,91500E+0003	1,18600E+0001
1,91600E+0003	1,21100E+0001
1,91600E+0003	1,20800E+0001
1,91500E+0003	1,21400E+0001
1,91600E+0003	1,21700E+0001
1,91600E+0003	1,22300E+0001
1,91700E+0003	1,23200E+0001
1,91900E+0003	1,25600E+0001
1,91900E+0003	1,26600E+0001
1,92000E+0003	1,27200E+0001
1,91900E+0003	1,27300E+0001
1,91900E+0003	1,28200E+0001
1,92000E+0003	1,28400E+0001
1,92000E+0003	1,29100E+0001
1,92000E+0003	1,30100E+0001
1,92100E+0003	1,31100E+0001
1,92200E+0003	1,31600E+0001
1,92300E+0003	1,32200E+0001
1,92300E+0003	1,33300E+0001
1,92300E+0003	1,34000E+0001
1,92300E+0003	1,34700E+0001
1,92500E+0003	1,35200E+0001
1,92600E+0003	1,35900E+0001
1,92600E+0003	1,36800E+0001
1,92600E+0003	1,37700E+0001
1,92600E+0003	1,38000E+0001
1,92700E+0003	1,38600E+0001
1,92800E+0003	1,40000E+0001
1,92800E+0003	1,40500E+0001
1,92900E+0003	1,40400E+0001
1,92900E+0003	1,42500E+0001
1,93000E+0003	1,44500E+0001
1,93100E+0003	1,45500E+0001
1,93200E+0003	1,47500E+0001
1,93300E+0003	1,50100E+0001
1,93400E+0003	1,49800E+0001
1,93600E+0003	1,52900E+0001
1,93600E+0003	1,53500E+0001
1,93700E+0003	1,54300E+0001
1,93700E+0003	1,55500E+0001
1,93800E+0003	1,59400E+0001
1,93900E+0003	1,60100E+0001
1,94100E+0003	1,62900E+0001
1,94100E+0003	1,63300E+0001
1,94200E+0003	1,63800E+0001
1,94100E+0003	1,64300E+0001
1,94200E+0003	1,64800E+0001
1,94200E+0003	1,65800E+0001
1,94300E+0003	1,66600E+0001
1,94300E+0003	1,67300E+0001
1,94400E+0003	1,67200E+0001
1,94400E+0003	1,68800E+0001
1,94500E+0003	1,70200E+0001
1,94500E+0003	1,70500E+0001
1,94500E+0003	1,70400E+0001
1,94500E+0003	1,71000E+0001
1,94600E+0003	1,71300E+0001
1,94500E+0003	1,71800E+0001
1,94600E+0003	1,72000E+0001
1,94600E+0003	1,72800E+0001
1,94600E+0003	1,72600E+0001
1,94600E+0003	1,73000E+0001
1,94700E+0003	1,73000E+0001
1,94600E+0003	1,72500E+0001
1,94600E+0003	1,73500E+0001
1,94700E+0003	1,73700E+0001
1,94700E+0003	1,74400E+0001
1,94700E+0003	1,75200E+0001
1,94800E+0003	1,75000E+0001
1,94700E+0003	1,75500E+0001
1,94800E+0003	1,76300E+0001
1,94800E+0003	1,76200E+0001
1,94800E+0003	1,77000E+0001
1,94800E+0003	1,76900E+0001
1,94900E+0003	1,78100E+0001
1,94900E+0003	1,78900E+0001
1,95000E+0003	1,79200E+0001
1,94800E+0003	1,79200E+0001
1,94900E+0003	1,79800E+0001
1,94900E+0003	1,80300E+0001
1,94900E+0003	1,79900E+0001
1,94900E+0003	1,80200E+0001
1,94900E+0003	1,81100E+0001
1,94900E+0003	1,81000E+0001
1,94900E+0003	1,80900E+0001
1,95000E+0003	1,81400E+0001
1,94800E+0003	1,80300E+0001
1,95000E+0003	1,81200E+0001
1,95000E+0003	1,82800E+0001
1,95100E+0003	1,83200E+0001
1,95200E+0003	1,85000E+0001
1,95100E+0003	1,85400E+0001
1,94900E+0003	1,85300E+0001
1,95200E+0003	1,85400E+0001
1,95300E+0003	1,89000E+0001
1,95200E+0003	1,89200E+0001
1,95300E+0003	1,90200E+0001
1,95300E+0003	1,89600E+0001
1,95300E+0003	1,91400E+0001
1,95400E+0003	1,90700E+0001
1,95400E+0003	1,92200E+0001
1,95700E+0003	1,93000E+0001
1,95700E+0003	1,94300E+0001
1,95700E+0003	1,94400E+0001
1,95800E+0003	1,96200E+0001
1,95800E+0003	1,97200E+0001
1,96000E+0003	1,97000E+0001
1,96000E+0003	1,97300E+0001
1,96000E+0003	1,99000E+0001
1,96100E+0003	2,02000E+0001
1,96400E+0003	2,02000E+0001
1,96500E+0003	2,03100E+0001
1,96600E+0003	2,03400E+0001
1,96600E+0003	2,03700E+0001
1,96700E+0003	2,06100E+0001
1,96700E+0003	2,08400E+0001
1,96900E+0003	2,10300E+0001
1,97000E+0003	2,12700E+0001
1,97000E+0003	2,13700E+0001
1,97100E+0003	2,14400E+0001
1,97100E+0003	2,15200E+0001
1,97100E+0003	2,15900E+0001
1,97100E+0003	2,16400E+0001
1,97400E+0003	2,19200E+0001
1,97400E+0003	2,19400E+0001
1,97400E+0003	2,20500E+0001
1,97400E+0003	2,22700E+0001
1,97500E+0003	2,22600E+0001
1,97600E+0003	2,23700E+0001
1,97500E+0003	2,26200E+0001
1,97500E+0003	2,28300E+0001
1,97700E+0003	2,29800E+0001
1,97700E+0003	2,31000E+0001
1,97900E+0003	2,30700E+0001
1,97800E+0003	2,34000E+0001
1,98100E+0003	2,35200E+0001
1,98100E+0003	2,35800E+0001
1,98100E+0003	2,37100E+0001
1,98200E+0003	2,38100E+0001
1,98200E+0003	2,39100E+0001
1,98300E+0003	2,40700E+0001
1,98400E+0003	2,41800E+0001
1,98600E+0003	2,42200E+0001
1,98600E+0003	2,42100E+0001
1,98600E+0003	2,42200E+0001
1,98500E+0003	2,42200E+0001
1,98500E+0003	2,41500E+0001
