1,00000E+0000	0,00000E+0000
1,00000E+0000	0,00000E+0000
1,60000E+0001	0,00000E+0000
1,60000E+0001	0,00000E+0000
2,90000E+0001	1,00000E-0002
4,50000E+0001	1,00000E-0002
5,10000E+0001	1,00000E-0002
6,70000E+0001	0,00000E+0000
8,60000E+0001	0,00000E+0000
9,00000E+0001	0,00000E+0000
1,03000E+0002	0,00000E+0000
1,13000E+0002	0,00000E+0000
1,23000E+0002	0,00000E+0000
1,40000E+0002	0,00000E+0000
1,57000E+0002	0,00000E+0000
1,75000E+0002	0,00000E+0000
1,85000E+0002	0,00000E+0000
2,04000E+0002	0,00000E+0000
2,24000E+0002	0,00000E+0000
2,32000E+0002	0,00000E+0000
2,56000E+0002	0,00000E+0000
2,75000E+0002	-0,00000E+0000
2,89000E+0002	0,00000E+0000
3,13000E+0002	1,00000E-0002
3,32000E+0002	1,00000E-0002
3,55000E+0002	0,00000E+0000
3,71000E+0002	0,00000E+0000
3,87000E+0002	1,00000E-0002
4,05000E+0002	0,00000E+0000
4,27000E+0002	0,00000E+0000
4,50000E+0002	0,00000E+0000
4,67000E+0002	0,00000E+0000
4,83000E+0002	0,00000E+0000
5,11000E+0002	1,00000E-0002
5,43000E+0002	0,00000E+0000
5,74000E+0002	0,00000E+0000
5,98000E+0002	0,00000E+0000
6,20000E+0002	1,00000E-0002
6,36000E+0002	0,00000E+0000
6,58000E+0002	0,00000E+0000
6,81000E+0002	0,00000E+0000
7,14000E+0002	0,00000E+0000
7,28000E+0002	0,00000E+0000
7,50000E+0002	0,00000E+0000
7,75000E+0002	0,00000E+0000
7,85000E+0002	-0,00000E+0000
8,09000E+0002	-0,00000E+0000
8,43000E+0002	0,00000E+0000
8,52000E+0002	0,00000E+0000
8,84000E+0002	0,00000E+0000
8,96000E+0002	0,00000E+0000
8,99000E+0002	0,00000E+0000
9,13000E+0002	0,00000E+0000
9,24000E+0002	1,00000E-0002
9,39000E+0002	0,00000E+0000
9,45000E+0002	0,00000E+0000
9,60000E+0002	1,00000E-0002
9,65000E+0002	0,00000E+0000
9,83000E+0002	0,00000E+0000
9,93000E+0002	0,00000E+0000
1,01200E+0003	0,00000E+0000
1,01900E+0003	0,00000E+0000
1,03100E+0003	0,00000E+0000
1,04400E+0003	0,00000E+0000
1,05200E+0003	0,00000E+0000
1,06800E+0003	0,00000E+0000
1,07900E+0003	0,00000E+0000
1,08700E+0003	0,00000E+0000
1,10800E+0003	0,00000E+0000
1,12400E+0003	0,00000E+0000
1,13700E+0003	0,00000E+0000
1,14400E+0003	0,00000E+0000
1,15600E+0003	0,00000E+0000
1,16800E+0003	1,00000E-0002
1,17300E+0003	0,00000E+0000
1,19000E+0003	0,00000E+0000
1,20000E+0003	0,00000E+0000
1,20700E+0003	0,00000E+0000
1,21800E+0003	0,00000E+0000
1,23200E+0003	1,00000E-0002
1,23800E+0003	0,00000E+0000
1,25800E+0003	0,00000E+0000
1,27400E+0003	0,00000E+0000
1,29000E+0003	0,00000E+0000
1,29700E+0003	0,00000E+0000
1,31100E+0003	0,00000E+0000
1,33400E+0003	0,00000E+0000
1,34000E+0003	0,00000E+0000
1,35500E+0003	0,00000E+0000
1,37400E+0003	0,00000E+0000
1,37900E+0003	1,00000E-0002
1,39000E+0003	1,00000E-0002
1,40700E+0003	1,00000E-0002
1,42100E+0003	0,00000E+0000
1,45100E+0003	0,00000E+0000
1,47000E+0003	-0,00000E+0000
1,49100E+0003	1,00000E-0002
1,49700E+0003	0,00000E+0000
1,51400E+0003	0,00000E+0000
1,52600E+0003	1,00000E-0002
1,53300E+0003	0,00000E+0000
1,54800E+0003	0,00000E+0000
1,56100E+0003	0,00000E+0000
1,56600E+0003	0,00000E+0000
1,57700E+0003	0,00000E+0000
1,58500E+0003	0,00000E+0000
1,58800E+0003	0,00000E+0000
1,60300E+0003	0,00000E+0000
1,61800E+0003	0,00000E+0000
1,62400E+0003	1,00000E-0002
1,63100E+0003	1,00000E-0002
1,64400E+0003	0,00000E+0000
1,66000E+0003	1,00000E-0002
1,66600E+0003	1,00000E-0002
1,67800E+0003	1,00000E-0002
1,68900E+0003	1,00000E-0002
1,69800E+0003	1,00000E-0002
1,71200E+0003	1,00000E-0002
1,72400E+0003	2,00000E-0002
1,73300E+0003	3,00000E-0002
1,75000E+0003	3,00000E-0002
1,75900E+0003	5,00000E-0002
1,76300E+0003	5,00000E-0002
1,77800E+0003	6,00000E-0002
1,78700E+0003	8,00000E-0002
1,79700E+0003	9,00000E-0002
1,80400E+0003	1,10000E-0001
1,81300E+0003	1,20000E-0001
1,82400E+0003	1,50000E-0001
1,82800E+0003	1,90000E-0001
1,83700E+0003	2,10000E-0001
1,84500E+0003	2,40000E-0001
1,85000E+0003	2,80000E-0001
1,85500E+0003	3,00000E-0001
1,85900E+0003	3,20000E-0001
1,86300E+0003	3,70000E-0001
1,87000E+0003	4,20000E-0001
1,87600E+0003	4,50000E-0001
1,88300E+0003	5,10000E-0001
1,88500E+0003	5,60000E-0001
1,88900E+0003	5,90000E-0001
1,89200E+0003	6,40000E-0001
1,89500E+0003	6,80000E-0001
1,89900E+0003	7,20000E-0001
1,90300E+0003	7,60000E-0001
1,90500E+0003	8,10000E-0001
1,91000E+0003	8,50000E-0001
1,91400E+0003	9,30000E-0001
1,91500E+0003	9,80000E-0001
1,91900E+0003	1,02000E+0000
1,92300E+0003	1,09000E+0000
1,92500E+0003	1,18000E+0000
1,92900E+0003	1,25000E+0000
1,93300E+0003	1,30000E+0000
1,93700E+0003	1,39000E+0000
1,93800E+0003	1,46000E+0000
1,94100E+0003	1,49000E+0000
1,94400E+0003	1,57000E+0000
1,94600E+0003	1,69000E+0000
1,95000E+0003	1,72000E+0000
1,95300E+0003	1,82000E+0000
1,95400E+0003	1,88000E+0000
1,95600E+0003	1,91000E+0000
1,95900E+0003	2,00000E+0000
1,96200E+0003	2,08000E+0000
1,96200E+0003	2,12000E+0000
1,96500E+0003	2,23000E+0000
1,96800E+0003	2,32000E+0000
1,97100E+0003	2,40000E+0000
1,97300E+0003	2,51000E+0000
1,97600E+0003	2,61000E+0000
1,97800E+0003	2,72000E+0000
1,98000E+0003	2,76000E+0000
1,98200E+0003	2,85000E+0000
1,98400E+0003	3,00000E+0000
1,98600E+0003	3,04000E+0000
1,98800E+0003	3,13000E+0000
1,98900E+0003	3,21000E+0000
1,99200E+0003	3,28000E+0000
1,99300E+0003	3,37000E+0000
1,99600E+0003	3,52000E+0000
1,99800E+0003	3,64000E+0000
2,00000E+0003	3,71000E+0000
2,00200E+0003	3,81000E+0000
2,00300E+0003	3,91000E+0000
2,00500E+0003	3,94000E+0000
2,00600E+0003	4,03000E+0000
2,00700E+0003	4,17000E+0000
2,01000E+0003	4,22000E+0000
2,01100E+0003	4,33000E+0000
2,01200E+0003	4,42000E+0000
2,01400E+0003	4,48000E+0000
2,01500E+0003	4,57000E+0000
2,01500E+0003	4,68000E+0000
2,01800E+0003	4,76000E+0000
2,01900E+0003	4,84000E+0000
2,02000E+0003	4,96000E+0000
2,02200E+0003	5,08000E+0000
2,02400E+0003	5,15000E+0000
2,02600E+0003	5,29000E+0000
2,02700E+0003	5,38000E+0000
2,02800E+0003	5,43000E+0000
2,03000E+0003	5,55000E+0000
2,03100E+0003	5,70000E+0000
2,03300E+0003	5,74000E+0000
2,03500E+0003	5,91000E+0000
2,03600E+0003	6,04000E+0000
2,03800E+0003	6,13000E+0000
2,04100E+0003	6,33000E+0000
2,04200E+0003	6,48000E+0000
2,04200E+0003	6,62000E+0000
2,04500E+0003	6,68000E+0000
2,04600E+0003	6,80000E+0000
2,04600E+0003	6,94000E+0000
2,04900E+0003	7,01000E+0000
2,05000E+0003	7,06000E+0000
2,05100E+0003	7,24000E+0000
2,05200E+0003	7,35000E+0000
2,05300E+0003	7,50000E+0000
2,05600E+0003	7,65000E+0000
2,05700E+0003	7,69000E+0000
2,05800E+0003	7,77000E+0000
2,05700E+0003	7,88000E+0000
2,06100E+0003	8,14000E+0000
2,06200E+0003	8,18000E+0000
2,06300E+0003	8,31000E+0000
2,06400E+0003	8,44000E+0000
2,06400E+0003	8,51000E+0000
2,06500E+0003	8,59000E+0000
2,06600E+0003	8,63000E+0000
2,06600E+0003	8,64000E+0000
2,06700E+0003	8,83000E+0000
2,06800E+0003	8,89000E+0000
2,07000E+0003	9,01000E+0000
2,07100E+0003	9,09000E+0000
2,07300E+0003	9,26000E+0000
2,07300E+0003	9,40000E+0000
2,07400E+0003	9,42000E+0000
2,07400E+0003	9,49000E+0000
2,07500E+0003	9,60000E+0000
2,07600E+0003	9,61000E+0000
2,07700E+0003	9,73000E+0000
2,07700E+0003	9,79000E+0000
2,07800E+0003	9,91000E+0000
2,07900E+0003	9,94000E+0000
2,08000E+0003	1,01300E+0001
2,08100E+0003	1,01600E+0001
2,08300E+0003	1,03900E+0001
2,08300E+0003	1,04500E+0001
2,08500E+0003	1,06600E+0001
2,08500E+0003	1,06800E+0001
2,08600E+0003	1,08500E+0001
2,08700E+0003	1,09200E+0001
2,08700E+0003	1,09400E+0001
2,08800E+0003	1,10700E+0001
2,09000E+0003	1,13700E+0001
2,09200E+0003	1,13400E+0001
2,09300E+0003	1,15200E+0001
2,09300E+0003	1,16300E+0001
2,09400E+0003	1,16700E+0001
2,09400E+0003	1,17800E+0001
2,09500E+0003	1,18500E+0001
2,09600E+0003	1,19100E+0001
2,09600E+0003	1,20100E+0001
2,09600E+0003	1,20900E+0001
2,09800E+0003	1,22800E+0001
2,09900E+0003	1,23900E+0001
2,10000E+0003	1,25600E+0001
2,10100E+0003	1,26600E+0001
2,10200E+0003	1,27500E+0001
2,10200E+0003	1,28200E+0001
2,10300E+0003	1,29100E+0001
2,10400E+0003	1,29100E+0001
2,10400E+0003	1,29800E+0001
2,10400E+0003	1,30300E+0001
2,10400E+0003	1,30900E+0001
2,10400E+0003	1,32500E+0001
2,10600E+0003	1,33400E+0001
2,10600E+0003	1,34100E+0001
2,10700E+0003	1,33900E+0001
2,10800E+0003	1,35700E+0001
2,10700E+0003	1,34400E+0001
2,10900E+0003	1,35500E+0001
2,11000E+0003	1,38200E+0001
2,11100E+0003	1,38600E+0001
2,11200E+0003	1,41300E+0001
2,11200E+0003	1,42600E+0001
2,11300E+0003	1,43700E+0001
2,11400E+0003	1,43600E+0001
2,11400E+0003	1,44100E+0001
2,11600E+0003	1,46600E+0001
2,11600E+0003	1,46100E+0001
2,11600E+0003	1,47500E+0001
2,11600E+0003	1,48200E+0001
2,11600E+0003	1,49400E+0001
2,11900E+0003	1,51100E+0001
2,11900E+0003	1,51200E+0001
2,11900E+0003	1,53600E+0001
2,12100E+0003	1,52500E+0001
2,12100E+0003	1,55000E+0001
2,12200E+0003	1,56700E+0001
2,12300E+0003	1,57300E+0001
2,12400E+0003	1,59300E+0001
2,12500E+0003	1,60100E+0001
2,12300E+0003	1,59400E+0001
2,12700E+0003	1,61800E+0001
2,12700E+0003	1,62700E+0001
2,12800E+0003	1,63500E+0001
2,12800E+0003	1,65000E+0001
2,13000E+0003	1,66900E+0001
2,12900E+0003	1,67000E+0001
2,12900E+0003	1,67600E+0001
2,13000E+0003	1,67000E+0001
2,13100E+0003	1,69500E+0001
2,13200E+0003	1,70200E+0001
2,13300E+0003	1,72700E+0001
2,13300E+0003	1,74000E+0001
2,13200E+0003	1,73500E+0001
2,13300E+0003	1,73800E+0001
2,13300E+0003	1,72500E+0001
2,13400E+0003	1,73500E+0001
2,13500E+0003	1,76700E+0001
2,13700E+0003	1,77500E+0001
2,13700E+0003	1,78900E+0001
2,13800E+0003	1,81300E+0001
2,13900E+0003	1,83200E+0001
2,14000E+0003	1,84200E+0001
2,14000E+0003	1,85000E+0001
2,14000E+0003	1,84400E+0001
2,14100E+0003	1,85700E+0001
2,14300E+0003	1,87700E+0001
2,14400E+0003	1,89300E+0001
2,14400E+0003	1,91100E+0001
2,14500E+0003	1,92200E+0001
2,14500E+0003	1,94300E+0001
2,14600E+0003	1,94600E+0001
2,14600E+0003	1,94700E+0001
2,14600E+0003	1,96200E+0001
2,14800E+0003	1,97100E+0001
2,14800E+0003	1,99400E+0001
2,15000E+0003	2,00800E+0001
2,15000E+0003	2,02000E+0001
2,15100E+0003	2,03000E+0001
2,15100E+0003	2,03500E+0001
2,15100E+0003	2,04400E+0001
2,15100E+0003	2,05300E+0001
2,15300E+0003	2,06100E+0001
2,15300E+0003	2,07100E+0001
2,15400E+0003	2,08600E+0001
2,15400E+0003	2,09500E+0001
2,15400E+0003	2,09700E+0001
2,15600E+0003	2,10200E+0001
2,15500E+0003	2,12400E+0001
2,15600E+0003	2,15000E+0001
2,15700E+0003	2,17000E+0001
2,15800E+0003	2,17300E+0001
2,16100E+0003	2,21400E+0001
2,16200E+0003	2,22100E+0001
2,16200E+0003	2,23300E+0001
2,16200E+0003	2,22900E+0001
2,16300E+0003	2,25300E+0001
2,16400E+0003	2,27000E+0001
2,16500E+0003	2,27800E+0001
2,16400E+0003	2,28500E+0001
2,16400E+0003	2,28800E+0001
