281.3	0.01
284	0.01
316.2	0.02
321.1	0.02
336.5	0.03
339.7	0.03
355.3	0.04
371	0.05
384.5	0.06
390.9	0.07
396.5	0.08
397.6	0.08
404.4	0.09
407.4	0.09
409.9	0.1
413.7	0.12
421.8	0.12
424.3	0.13
426.4	0.14
430.7	0.15
433.5	0.14
433.6	0.15
436.7	0.15
438	0.16
440.2	0.17
441.9	0.18
446.4	0.18
449.3	0.19
452.4	0.2
457.9	0.22
462.1	0.23
466	0.25
470.5	0.26
475.4	0.29
480.3	0.32
482.7	0.32
486.9	0.34
487.8	0.34
489.9	0.37
495.9	0.37
499.9	0.4
501.5	0.42
504.9	0.44
506.4	0.44
508.2	0.44
510.2	0.46
513	0.47
513.4	0.48
515.9	0.5
516.9	0.5
518	0.51
520.9	0.54
522.9	0.54
524.1	0.56
528.5	0.59
533.5	0.61
537	0.64
538.8	0.65
541.8	0.66
544.1	0.69
545.9	0.72
548.8	0.74
550.2	0.75
552.9	0.75
554	0.77
557.9	0.8
560.8	0.84
565.6	0.87
567.5	0.89
570.5	0.92
570.8	0.92
573	0.95
575.9	0.96
577.2	1
579.1	1
583.5	1.04
586.3	1.1
588.4	1.1
590.9	1.14
592.3	1.15
594.1	1.17
596.3	1.18
599.1	1.22
600.4	1.25
603.4	1.28
605.7	1.3
607.5	1.34
609.9	1.36
612.5	1.39
614.7	1.45
617.3	1.45
619.4	1.48
620.2	1.52
622.3	1.53
623.5	1.55
624.5	1.57
625.9	1.58
629.3	1.64
631.7	1.66
633.1	1.7
635.4	1.73
637.5	1.76
638.7	1.78
640.4	1.81
643.3	1.85
644.5	1.88
645.6	1.92
647.6	1.94
648.6	1.96
649.1	1.95
650.1	1.98
651.1	2.04
653.9	2.07
656.5	2.1
658.7	2.14
659.5	2.17
661.1	2.19
663	2.24
664	2.28
666.4	2.31
668.2	2.35
669.2	2.37
670	2.39
671.6	2.43
673.3	2.46
674.6	2.51
677.1	2.54
678.1	2.62
680.9	2.67
683.1	2.71
684.9	2.75
685.8	2.8
687.9	2.83
690.4	2.9
691.4	2.93
692.8	2.97
694.4	3.03
695.4	3.04
696	3.07
697.5	3.11
698.3	3.15
700.2	3.24
702.4	3.26
704.5	3.33
705.4	3.39
706.9	3.41
708	3.45
708.8	3.5
709.9	3.53
711.8	3.58
713.3	3.64
714	3.67
715.3	3.73
716.5	3.76
717.1	3.8
717.9	3.82
719.4	3.88
720.1	3.93
721.7	3.97
722.3	4
722.6	4.03
723.6	4.04
725.2	4.11
725.8	4.16
726.4	4.17
727.6	4.23
729	4.28
729.3	4.33
730.4	4.35
731.7	4.4
732.3	4.45
733.4	4.48
734.4	4.54
734.6	4.56
735.6	4.58
737.1	4.66
737.3	4.69
737.8	4.69
738.3	4.73
738.8	4.75
739.3	4.77
740.1	4.81
740.4	4.86
741.2	4.87
741.6	4.89
742.3	4.94
742.6	4.96
743.2	4.97
744.4	5.04
744.8	5.1
746	5.14
747.4	5.21
748	5.27
749.3	5.3
750	5.35
750.6	5.42
751.4	5.46
752.9	5.52
753.5	5.56
754.8	5.64
755.7	5.69
756.4	5.73
756.6	5.79
757.8	5.81
758.7	5.85
758.7	5.89
759.9	5.95
761	6.02
761.5	6.07
762.4	6.15
763.7	6.19
764.7	6.24
765.2	6.32
765.9	6.34
766.8	6.4
767.5	6.5
768.9	6.54
770.5	6.65
771.1	6.73
772.1	6.76
773.4	6.86
773.9	6.94
775.1	6.98
776.3	7.07
777.7	7.18
778.4	7.28
779.5	7.33
781.1	7.44
781.8	7.55
782.8	7.59
783.4	7.63
784.2	7.7
784.5	7.73
785.4	7.8
786	7.91
787.1	7.95
788	8.02
788.4	8.1
789.4	8.15
790.8	8.26
791.9	8.34
792.4	8.45
793.5	8.5
794.7	8.6
795.2	8.67
796.3	8.75
796.8	8.8
797.3	8.87
798.1	8.92
799	9
799.5	9.1
800.5	9.16
800.8	9.18
800.9	9.22
801.8	9.3
802.6	9.34
803.4	9.42
803.8	9.48
804.3	9.51
805.3	9.6
805.9	9.74
807.1	9.79
807.8	9.86
808.6	9.94
809.1	10.04
810.3	10.11
810.8	10.22
811.8	10.31
812.6	10.36
813	10.44
813.7	10.5
814.5	10.55
815.2	10.63
815.8	10.74
816.6	10.78
817.6	10.88
817.9	10.96
818.5	10.98
819.8	11.12
820.3	11.23
821.2	11.31
821.3	11.36
822.7	11.44
822.8	11.54
824.1	11.59
825.1	11.74
825.3	11.79
825.9	11.82
826.7	11.91
827.3	11.92
827.8	12.03
828.4	12.1
828.7	12.18
829.5	12.22
830.4	12.35
830.9	12.45
831.6	12.55
832.7	12.63
833.1	12.73
833.9	12.84
835	12.91
836.1	13.04
836.6	13.16
837.5	13.22
838.8	13.36
839.2	13.51
840.1	13.54
840.7	13.61
841.1	13.67
841.7	13.76
842.4	13.82
843.1	13.94
843.6	14.03
844.5	14.09
845.2	14.2
845.4	14.32
846.8	14.37
847.7	14.51
848.4	14.59
847.2	14.47
848.9	14.62
849.6	14.86
850.3	14.89
851.4	15.02
852.2	15.14
852.7	15.24
853.3	15.24
854.1	15.4
854.5	15.52
855.2	15.54
856.1	15.64
856.8	15.75
857.1	15.87
858.6	15.99
858.9	16.12
860.3	16.31
861.2	16.37
861.9	16.49
862.8	16.65
863	16.67
863.7	16.75
863.9	16.87
865.1	16.94
866.5	17.2
867.3	17.28
867.9	17.33
869.2	17.58
869.4	17.47
869.2	17.44
871.3	17.8
871.5	17.9
871.9	17.78
872.2	17.97
871.3	17.95
873.1	18.22
874.2	18.32
875.3	18.5
876.3	18.65
877	18.73
877.6	18.82
878	18.93
879.2	19.04
879.7	19.11
880.3	19.26
881.5	19.41
882.8	19.54
883.3	19.76
883.7	19.94
885.2	19.96
885.6	20.09
885.8	20.14
885.8	19.98
886.4	20.04
885.6	20.27
887.2	20.31
887.5	20.38
888.7	20.58
889.7	20.69
890.3	20.79
891.4	21
891.7	20.99
893	21.27
893.8	21.41
893.9	21.48
895	21.54
894.6	21.56
895.5	21.78
896.3	21.74
897.3	21.98
897.2	22.1
899	22.25
900.3	22.4
901.4	22.62
901.4	22.85
902.5	22.84
903.1	23
904.3	23.21
904.7	23.24
905.9	23.43
906.8	23.64
908	23.77
909.9	24.02
910.6	24.12
911.5	24.26
912.4	24.49
913.3	24.7
914.5	24.73
917.2	25.24
917.5	25.62
920.3	25.86
921.7	26.16
923.1	26.34
923.6	26.45
923.9	26.42
924.5	26.56
925.3	26.75
926.9	26.99
928.1	27.15
929.3	27.46
930.2	27.6
932.3	27.97
932.6	28.02
933.1	28.14
933.9	28.3
933.9	28.33
934.6	28.34
935.1	28.52
936.2	28.73
936	28.75
936.5	28.78
936.4	28.64
938.2	29.14
938.3	29.11
937.4	28.95
938.8	29.17
939.2	29.31
938.2	29.24
939.5	29.31
940.4	29.68
942.4	29.86
942.5	29.87
943.5	30.13
944.6	30.3
946.6	30.69
946.9	30.78
947.2	30.8
946.9	30.76
946.8	30.75
