0.244796514
0.277128129
0.317542648
0.366040071
0.414537493
0.463034916
0.60044428
0.831384388
0.912213425
0.993042463
1.073871501
1.154700538
1.235529576
1.376980392
1.478016689
1.599260246
2.528794179
2.609623217
2.730866773
2.85211033
2.973353886
3.215840999
3.458328112
3.660400707
3.862473301
4.104960414
4.387862046
4.95366531
8.111771282
9.324206847
10.33456982
12.15322317
13.36565873
14.3760217
18.0133284
26.50037736
29.73353886
32.56255518
33.37084556
34.58328112
34.58328112
34.98742631
31.35011962
22.05478028
31.75426481
32.56255518
32.15840999
30.94597443
29.73353886
28.5211033
27.30866773
25.69208698
14.78016689
13.97187651
14.17394911
13.36565873
12.75944095
12.15322317
11.34493279
11.1428602
10.81954404
10.33456982
9.283792329
7.869284169
3.822058782
1.397187651
0.479200723
0.770762609
0.916254877
1.316358614
2.771281292
3.53915715
3.983716857
4.22620397
4.145374933
3.90288782
3.377499075
2.892524849
2.48837966
0.443405007
0.415114844
0.790969869
0.382205878
0.269045225
0.127594409
0.103345698
0.095262794
0.091221343
0.089200617
0.085159165
0.087179891
0.077076261
0.087179891
0.091221343
0.095262794
0.101324972
0.103345698
0.105366424
0.111428602
0.115470054
0.143760217
0.159926025
0.269045225
0.277128129
0.329667004
0.357957167
