1.0
1.1
1.1
1.2
1.3
1.4
1.5
2.4
2.5
2.7
2.8
3.1
3.4
3.8
4.2
4.6
7.3
7.8
8.3
8.8
9.3
9.9
10
11
11
12
12
13
13
14
14
23
24
25
25
26
27
28
30
35
40
45
49
76
81
86
92
96
98
99
95
94
83
61
81
83
80
87
73
72
68
64
57
56
56
55
53
52
50
50
49
48
14
12
8.4
3.0
1.0
1.1
1.4
3.0
4.3
7.9
8.7
9.0
9.0
8.4
7.3
4.1
3.4
2.8
2.4
1.1
0.84
0.39
0.29
0.25
0.24
0.24
0.25
0.21
0.23
0.24
0.24
0.26
0.27
0.27
0.27
0.27
0.29
0.30
0.34
0.38
0.42
0.48
0.77
0.82
