0.001818653
0.002222799
0.002222799
0.002222799
0.002222799
0.002222799
0.002222799
0.002222799
0.002222799
0.002222799
0.002222799
0.003233162
0.003233162
0.003233162
0.003233162
0.003233162
0.004445597
0.004445597
0.004445597
0.004445597
0.004445597
0.006870468
0.006870468
0.006870468
0.006870468
0.006870468
0.006870468
0.006870468
0.006870468
0.006870468
0.006870468
0.007880831
0.007880831
0.007880831
0.007880831
0.007880831
0.007880831
0.007880831
0.007880831
0.007880831
0.007072541
0.009699485
0.009699485
0.009699485
0.009699485
0.009699485
0.013134719
0.013134719
0.013134719
0.012730573
0.013134719
0.013134719
0.014145082
0.014145082
0.014145082
0.013134719
0.013134719
0.01172021
0.01172021
0.01091192
0.01091192
0.010507775
0.010507775
0.009901557
0.009901557
0.009295339
0.009295339
0.009295339
0.009295339
0.009295339
0.008891194
0.008891194
0.008891194
0.008891194
0.008891194
0.008891194
0.008891194
0.008891194
0.008891194
0.008891194
0.008082904
0.008082904
0.008082904
0.008082904
0.008082904
0.008082904
0.008082904
0.008082904
0.008082904
0.008082904
0.007880831
0.007880831
0.007880831
0.007880831
0.007880831
0.007476686
0.007476686
0.007476686
0.007476686
0.007476686
0.007274613
0.007274613
0.007274613
0.007274613
0.007274613
0.006466323
0.006466323
0.006466323
0.006466323
0.006466323
0.006466323
0.006466323
0.006466323
0.006466323
0.006466323
0.006062178