0.0005374984109101224
0.0006335406151639443
0.0007550964187055815
0.0009022761027618916
0.001050319195702763
0.0011989058961913148
0.001621544512302795
0.0019006218467921526
0.0021433151476012886
0.0023875962653515216
0.0026330233027284404
0.002879303244579048
0.0031262345280172804
0.0035595236608668007
0.003869688082674679
0.004242430206161855
0.005613743306087096
0.005853473610399026
0.00621464393965297
0.006577427277114041
0.006941570725824283
0.007673162719619338
0.008408202259524418
0.009022761024001033
0.009638785750548318
0.010379582950279369
0.011245580442770117
0.01298173552899027
0.01840270325972839
0.022042571319956135
0.025101875147615724
0.030644492482517962
0.03435600593116389
0.03745566218772706
0.04864633536908383
0.059736664109147006
0.06941570725824282
0.07795456177146681
0.08040310537997662
0.08408202259524418
0.08408202259524418
0.08530981517264008
0.07428865265017484
0.04666021124664979
0.07550964188305911
0.07795456177146681
0.07673162719619338
0.07306870944459741
0.06941570725824282
0.06577427277114041
0.0621464393965297
0.057334946713925576
0.03869688082674679
0.03621517867100734
0.03683532390195755
0.03435600593116389
0.03249898041459465
0.030644492482517962
0.028176655169569884
0.027560709328061303
0.026576168212732204
0.025101875147615724
0.021920612833379222
0.017680544280231063
0.009515477184559328
0.0036215178671007344
0.0012485220725439196
0.001720048400884943
0.002155495966188148
0.0033736741330630125
0.006335406154240082
0.008653829844596582
0.010008991673970562
0.010750519725726666
0.010503191960547349
0.009762142201411495
0.008162863418984777
0.006698668240012103
0.005494234394971718
0.0008042100173581645
0.0007372311850228743
0.0017800737551651625
0.0009515477182171292
0.0006094060412456313
0.0003249898035623994
0.00025101875123138606
0.00022652892511163572
0.00021433151539272194
0.0002082471223095171
0.00019611140144538015
0.0002021734198956557
0.00017200484022170036
0.0002021734198956557
0.00021433151539272194
0.00022652892511163572
0.0002448859022620492
0.00025101875123138606
0.00025715770281149817
0.000275607093280613
0.00028793032469633215
0.0003745566218772705
0.0004242430210644233
0.0006094060412456313
0.0006335406151639443
0.0007917840164917041
0.0008776744342428135
