0.0009016914843695182
0.0009876599350577733
0.0010391395640767247
0.0011208089104099554
0.001254591045948328
0.001349042912755959
0.001470352729562609
0.0019419460949178214
0.002062855718364546
0.002257864663148732
0.002369906240517376
0.002716384535214195
0.003065751046856362
0.0035144378562026
0.00393849055367473
0.004436809440259378
0.005911683370163904
0.006477049479722157
0.006997536159122672
0.00754638845848594
0.008151880792801934
0.008833214263616489
0.009215327670175731
0.009904585090991692
0.01033308814524089
0.011161846984409963
0.011482905555238636
0.012280740302724927
0.012605417833195062
0.013372145671572102
0.013759369268955386
0.018390618290865156
0.019345763502097508
0.020228605155393976
0.0206032294196764
0.021336527813848732
0.02234793955330985
0.023962892233763362
0.02573721712200136
0.03171389494324255
0.03726389680831279
0.0428620310364706
0.04773779743506345
0.06254280794751105
0.06773593989446196
0.07321264372189464
0.08025026345782167
0.0845100204985019
0.08678023814659315
0.0880548067137965
0.08351277241133603
0.08251569941296205
0.07023675476884177
0.045825486397810145
0.06799466560466065
0.06997536159122672
0.06674698094349119
0.0747365489926889
0.05909217254495775
0.05786622982380994
0.05350400874454761
0.04918917170366422
0.042085920535737384
0.040840796582210535
0.040920321078863765
0.03974825911105642
0.03787068813470746
0.03662479809599726
0.03485696094206716
0.03462398259160693
0.033759902958987106
0.032701208555650695
0.013849848494382484
0.011018385972519841
0.007096630484467988
0.0025844006137471947
0.0009045017390328891
0.0010275046755043762
0.0013819643607973148
0.002605909600678537
0.004044589556154734
0.006550263945366064
0.007473654899268889
0.007825836623369366
0.007798846593526592
0.007122836732142843
0.005933948583131479
0.0038790039672613732
0.003068558393027508
0.0023804172179964717
0.0019103270034744127
0.0010188493559886175
0.0007122836732142843
0.000363481911815546
0.000250907393406299
0.00020730298530943005
0.00019618073448822524
0.00019618073448822524
0.0002015489905644193
0.00015975255222189138
0.00018151416725086222
0.0001937028130543317
0.00019618073448822524
0.0002171852055590227
0.00022578646631487317
0.0002232250173523025
0.00022838633548577189
0.00022578646631487317
0.000245595015289101
0.0002608612207789789
0.0003048958308633988
0.00034772855806789257
0.00039501230464852215
0.00046108962500522604
0.000635288588477128
0.0006872534862999133
