-0.0205	0.0017261329673096838	-0.0001493	1.3010588316188217e-06
-0.0205	0.0017261329673096838	-0.0001493	1.3010588316188217e-06
-0.0205	0.0017261329673096838	-0.0001494	1.300770156484227e-06
-0.0205	0.0017261329673096838	-0.0001493	1.3010588316188217e-06
-0.0174	0.0017270278602269278	-0.0001493	1.3010588316188217e-06
-0.0108	0.0017289331161152535	-0.0001493	1.3010588316188217e-06
-0.010400000000000001	0.0017290485861690915	-0.0001494	1.300770156484227e-06
-0.007200000000000001	0.0017299723465997948	-0.0001493	1.3010588316188217e-06
-0.0044	0.0017307806369766603	-0.0001493	1.3010588316188217e-06
-0.0040999999999999995	0.0017308672395170387	-0.0001493	1.3010588316188217e-06
-0.0012	0.0017317043974073637	-0.0001493	1.3010588316188217e-06
-0.0005	0.00173190647000158	-0.0001493	1.3010588316188217e-06
0.0025	0.0017327724954053643	-0.0001494	1.300770156484227e-06
0.0039	0.0017331766405937973	-0.0001492	1.3013475067534164e-06
0.0067	0.0017339849309706628	-0.0001492	1.3013475067534164e-06
0.023899999999999998	0.0017389501432856936	-0.0001493	1.3010588316188217e-06
			
			
#	#	#	#
			
			
0.4118	0.0018509272279950216	-1.66e-05	1.6841307352261386e-06
0.4109	0.001850667420373886	-1.95e-05	1.675759156322889e-06
0.4107	0.0018506096853469671	-1.9900000000000003e-05	1.6746044557845096e-06
0.4121	0.0018510138305353999	-1.6899999999999997e-05	1.6832647098223543e-06
0.41200000000000003	0.0018509849630219404	-1.67e-05	1.6838420600915437e-06
0.4123	0.0018510715655623187	-1.6400000000000002e-05	1.6847080854953283e-06
0.4132	0.001851331373183454	-1.4e-05	1.6916362887256035e-06
0.4136	0.0018514468432372921	-1.29e-05	1.6948117152061465e-06
0.4139	0.0018515334457776705	-1.24e-05	1.6962550908791206e-06
0.4142	0.001851620048318049	-1.1400000000000001e-05	1.6991418422250686e-06
0.4156	0.0018520241935064817	-1.02e-05	1.7026059438402066e-06
0.4157	0.001852053061019941	-1.06e-05	1.7014512433018273e-06
0.4175	0.0018525726762622118	-4.2e-06	1.7199264519158954e-06
0.4183	0.0018528036163698877	-3e-06	1.7233905535310331e-06
0.41910000000000003	0.0018530345564775636	-1e-06	1.7291640562229293e-06
0.4194	0.0018531211590179422	-1.6000000000000001e-06	1.7274320054153603e-06
0.4197	0.0018532077615583205	9e-07	1.734648883780231e-06
0.4202	0.0018533520991256178	1.1e-06	1.7352262340494206e-06
0.4218	0.0018538139793409696	4.6e-06	1.7453298637602388e-06
0.422	0.0018538717143678884	2.3e-06	1.738690335664558e-06


Dodatkowe Parametry:

a_lin	[A/V]:	1.4222731787017251e-06
a_lin_error	[A/V]:	1.179007043563731e-06
b_lin	[A]:	-0.00014929727190055947
b_lin_error	[A]:	1.5970595889375153e-08
I_sc	[A]:	-0.00014929727190055947
I_sc_error	[A]:	1.5970595889375153e-08
a_log	[A]:	0.0008843263157145026
a_log_error	[A]:	2.2673731749882054e-05
b_log	[V]:	0.0007673680419466143
b_log_error	[V]:	1.9904670145502416e-05
V_oc	[V]:	0.41989815669958847
V_oc_error	[V]:	0.013289101491635053
