-0.0251	0.0017248050616905477	-0.000246	1.0219099764656376e-06
-0.0251	0.0017248050616905477	-0.000246	1.0219099764656376e-06
-0.0249	0.0017248627967174667	-0.0002459	1.0221986516002325e-06
-0.0095	0.0017293083937902267	-0.0002459	1.0221986516002325e-06
-0.0063	0.0017302321542209302	-0.0002459	1.0221986516002325e-06
-0.0060999999999999995	0.001730289889247849	-0.0002459	1.0221986516002325e-06
-0.0060999999999999995	0.001730289889247849	-0.000246	1.0219099764656376e-06
-0.0038	0.0017309538420574172	-0.0002459	1.0221986516002325e-06
-0.0032	0.001731127047138174	-0.000246	1.0219099764656376e-06
0.0007	0.0017322528801630938	-0.000246	1.0219099764656376e-06
0.0037	0.001733118905566878	-0.0002459	1.0221986516002325e-06
0.0060999999999999995	0.001733811725889906	-0.0002459	1.0221986516002325e-06
0.006900000000000001	0.0017340426659975816	-0.0002459	1.0221986516002325e-06
0.0107	0.0017351396315090418	-0.0002459	1.0221986516002325e-06
0.0182	0.001737304695018503	-0.0002458	1.0224873267348273e-06
0.0219	0.0017383727930165038	-0.0002459	1.0221986516002325e-06
			
			
#	#	#	#
			
			
0.43710000000000004	0.0018582307089002703	-1.76e-05	1.6812439838801906e-06
0.43860000000000005	0.0018586637216021623	-1.27e-05	1.6953890654753362e-06
0.4389	0.0018587503241425409	-1.2e-05	1.6974097914174999e-06
0.4388	0.0018587214566290811	-1.2200000000000002e-05	1.6968324411483102e-06
0.4394	0.0018588946617098382	-1.2e-05	1.6974097914174999e-06
0.4405	0.0018592122043578924	-6.5e-06	1.7132869238202145e-06
0.44060000000000005	0.001859241071871352	-6.5e-06	1.7132869238202145e-06
0.44060000000000005	0.001859241071871352	-6.4000000000000006e-06	1.7135755989548094e-06
0.44060000000000005	0.001859241071871352	-6.4000000000000006e-06	1.7135755989548094e-06
0.4417	0.0018595586145194062	-3.2000000000000003e-06	1.7228132032618435e-06
0.4422	0.0018597029520867037	-7e-07	1.7300300816267137e-06
0.4423	0.001859731819600163	-6e-07	1.7303187567613086e-06
0.4423	0.001859731819600163	-6e-07	1.7303187567613086e-06
0.44360000000000005	0.0018601070972751362	5e-06	1.7464845642986181e-06
0.444	0.0018602225673289743	5.1e-06	1.7467732394332128e-06
0.44389999999999996	0.0018601936998155148	4.9e-06	1.7461958891640232e-06


Dodatkowe Parametry:

a_lin	[A/V]:	2.2001304286265526e-06
a_lin_error	[A/V]:	9.139999828595949e-07
b_lin	[A]:	-0.00024591923840844006
b_lin_error	[A]:	1.2790714606165308e-08
I_sc	[A]:	-0.00024591923840844006
I_sc_error	[A]:	1.2790714606165308e-08
a_log	[A]:	0.0015027483553101979
a_log_error	[A]:	3.3459852108744546e-05
b_log	[V]:	0.0012253726078931381
b_log_error	[V]:	2.7398949455022715e-05
V_oc	[V]:	0.4424530032784621
V_oc_error	[V]:	0.01138459865198613
