-0.0256	0.0017246607241232503	-0.00029160000000000004	8.902741150904029e-07
-0.0256	0.0017246607241232503	-0.00029170000000000004	8.89985439955808e-07
-0.0256	0.0017246607241232503	-0.00029170000000000004	8.89985439955808e-07
-0.0256	0.0017246607241232503	-0.00029160000000000004	8.902741150904029e-07
-0.0224	0.0017255844845539537	-0.00029170000000000004	8.89985439955808e-07
-0.020800000000000003	0.0017260463647693054	-0.00029170000000000004	8.89985439955808e-07
-0.0193	0.0017264793774711975	-0.00029170000000000004	8.89985439955808e-07
-0.0189	0.0017265948475250355	-0.00029160000000000004	8.902741150904029e-07
-0.016	0.0017274320054153603	-0.00029170000000000004	8.89985439955808e-07
-0.0148	0.0017277784155768743	-0.00029170000000000004	8.89985439955808e-07
-0.013000000000000001	0.0017282980308191448	-0.00029160000000000004	8.902741150904029e-07
-0.0129	0.0017283268983326043	-0.00029160000000000004	8.902741150904029e-07
-0.0128	0.0017283557658460636	-0.00029170000000000004	8.89985439955808e-07
-0.0129	0.0017283268983326043	-0.00029170000000000004	8.89985439955808e-07
-0.0107	0.001728961983628713	-0.00029160000000000004	8.902741150904029e-07
-0.009800000000000001	0.0017292217912498484	-0.00029170000000000004	8.89985439955808e-07
-0.0097	0.001729250658763308	-0.00029160000000000004	8.902741150904029e-07
-0.0066	0.0017301455516805517	-0.00029160000000000004	8.902741150904029e-07
-0.0055	0.001730463094328606	-0.00029160000000000004	8.902741150904029e-07
-0.0035	0.0017310404445977955	-0.00029160000000000004	8.902741150904029e-07
-0.0034	0.001731069312111255	-0.00029160000000000004	8.902741150904029e-07
-0.0034	0.001731069312111255	-0.00029160000000000004	8.902741150904029e-07
-0.0034	0.001731069312111255	-0.0002915	8.905627902249978e-07
-0.0016	0.0017315889273535256	-0.00029170000000000004	8.89985439955808e-07
-0.0004	0.0017319353375150393	-0.00029160000000000004	8.902741150904029e-07
0.0002	0.0017321085425957962	-0.00029160000000000004	8.902741150904029e-07
0.0	0.0017320508075688774	-0.00029160000000000004	8.902741150904029e-07
0.0027	0.0017328302304322834	-0.00029160000000000004	8.902741150904029e-07
0.0027	0.0017328302304322834	-0.00029160000000000004	8.902741150904029e-07
0.0057	0.0017336962558360679	-0.00029160000000000004	8.902741150904029e-07
0.0058	0.0017337251233495274	-0.00029170000000000004	8.89985439955808e-07
0.005900000000000001	0.0017337539908629867	-0.00029160000000000004	8.902741150904029e-07
0.0106	0.0017351107639955825	-0.00029160000000000004	8.902741150904029e-07
0.012199999999999999	0.0017355726442109343	-0.0002915	8.905627902249978e-07
0.021	0.0017381129853953686	-0.0002915	8.905627902249978e-07
0.0245	0.0017391233483664505	-0.0002915	8.905627902249978e-07
0.0247	0.0017391810833933693	-0.0002915	8.905627902249978e-07
0.0275	0.0017399893737702348	-0.0002915	8.905627902249978e-07
			
			
#	#	#	#
			
			
0.4457	0.0018607133150577856	-1.84e-05	1.6789345828034317e-06
0.445	0.0018605112424635692	-1.9699999999999998e-05	1.6751818060536993e-06
0.445	0.0018605112424635692	-1.9699999999999998e-05	1.6751818060536993e-06
0.4467	0.0018610019901923805	-9.6e-06	1.7043379946477755e-06
0.44910000000000005	0.001861694810515408	-3.9e-06	1.7207924773196798e-06
0.44980000000000003	0.0018618968831096243	-1.2e-06	1.7285867059537396e-06
0.44989999999999997	0.0018619257506230836	-1.2e-06	1.7285867059537396e-06
0.44989999999999997	0.0018619257506230836	1.4e-06	1.736092259453205e-06
0.4507	0.0018621566907307597	1.7e-06	1.7369582848569893e-06
0.45080000000000003	0.0018621855582442192	2.2e-06	1.7384016605299634e-06
0.45080000000000003	0.0018621855582442192	-2.5e-06	1.7248339292040072e-06


Dodatkowe Parametry:

a_lin	[A/V]:	3.2620590083184387e-06
a_lin_error	[A/V]:	5.597427031739047e-07
b_lin	[A]:	-0.0002916002775246631
b_lin_error	[A]:	8.439565430999861e-09
I_sc	[A]:	-0.0002916002775246631
I_sc_error	[A]:	8.439565430999861e-09
a_log	[A]:	0.0016157818210958308
a_log_error	[A]:	0.00012893938237777252
b_log	[V]:	0.001289217291831837
b_log_error	[V]:	0.00010339595678652157
V_oc	[V]:	0.45027773298018103
V_oc_error	[V]:	0.04064730406273908
