-0.025	0.0017248339292040072	-0.0003347	7.658551320800386e-07
-0.025	0.0017248339292040072	-0.0003347	7.658551320800386e-07
-0.0222	0.0017256422195808727	-0.0003347	7.658551320800386e-07
-0.0074	0.0017299146115728758	-0.00033450000000000005	7.664324823492282e-07
0.0028	0.0017328590979457429	-0.00033450000000000005	7.664324823492282e-07
0.0063	0.0017338694609168248	-0.00033450000000000005	7.664324823492282e-07
0.0022	0.001732685892864986	-0.0003346	7.661438072146334e-07
-0.0103	0.0017290774536825508	-0.0003347	7.658551320800386e-07
-0.010400000000000001	0.0017290485861690915	-0.0003348	7.655664569454439e-07
-0.025	0.0017248339292040072	-0.0003348	7.655664569454439e-07
-0.0169	0.001727172197794225	-0.0003348	7.655664569454439e-07
-0.0158	0.0017274897404422793	-0.0003347	7.658551320800386e-07
-0.0114	0.0017287599110344966	-0.0003347	7.658551320800386e-07
-0.0008	0.0017318198674612017	-0.0003347	7.658551320800386e-07
0.0151	0.001736409802101259	-0.0003346	7.661438072146334e-07
0.016	0.0017366696097223945	-0.0003346	7.661438072146334e-07
0.016	0.0017366696097223945	-0.0003346	7.661438072146334e-07
0.0232	0.0017387480706914772	-0.00033450000000000005	7.664324823492282e-07
			
			
#	#	#	#
			
			
0.4527	0.0018627340409999493	-1.8599999999999998e-05	1.6783572325342423e-06
0.455	0.0018633979938095172	-1.8e-06	1.7268546551461709e-06
0.4551	0.0018634268613229768	-1.8e-06	1.7268546551461709e-06
0.4551	0.0018634268613229768	-1.8e-06	1.7268546551461709e-06
0.4551	0.0018634268613229768	-1.8e-06	1.7268546551461709e-06
0.4551	0.0018634268613229768	-1.9e-06	1.726565980011576e-06
0.4551	0.0018634268613229768	-1.8e-06	1.7268546551461709e-06
0.4551	0.0018634268613229768	-1.7e-06	1.7271433302807656e-06
0.4551	0.0018634268613229768	-1.8e-06	1.7268546551461709e-06
0.4551	0.0018634268613229768	-1.9e-06	1.726565980011576e-06
0.4551	0.0018634268613229768	-1.8e-06	1.7268546551461709e-06
0.4551	0.0018634268613229768	-1.9e-06	1.726565980011576e-06
0.4552	0.0018634557288364363	-1.9e-06	1.726565980011576e-06
0.4551	0.0018634268613229768	-1.8e-06	1.7268546551461709e-06
0.4576	0.0018641485491594637	1.04e-05	1.762073021566738e-06
0.458	0.0018642640192133018	1.03e-05	1.761784346432143e-06


Dodatkowe Parametry:

a_lin	[A/V]:	4.662619887808639e-06
a_lin_error	[A/V]:	1.1815472592974075e-06
b_lin	[A]:	-0.0003346270495487744
b_lin_error	[A]:	1.8956623844095514e-08
I_sc	[A]:	-0.0003346270495487744
I_sc_error	[A]:	1.8956623844095514e-08
a_log	[A]:	0.0023977660336222707
a_log_error	[A]:	0.00013345826279289005
b_log	[V]:	0.0018852822937680932
b_log_error	[V]:	0.00010500936345099084
V_oc	[V]:	0.4555425463591228
V_oc_error	[V]:	0.028203871975537358
