-0.024100000000000003	0.0017250937368251424	-0.0003754	6.483643522999497e-07
-0.024100000000000003	0.0017250937368251424	-0.0003754	6.483643522999497e-07
-0.0238	0.001725180339365521	-0.0003755	6.480756771653549e-07
-0.0235	0.0017252669419058992	-0.0003756	6.477870020307601e-07
-0.020399999999999998	0.0017261618348231433	-0.0003755	6.480756771653549e-07
-0.0174	0.0017270278602269278	-0.0003756	6.477870020307601e-07
-0.0172	0.0017270855952538466	-0.0003754	6.483643522999497e-07
-0.014	0.00172800935568455	-0.0003755	6.480756771653549e-07
-0.009300000000000001	0.0017293661288171455	-0.0003755	6.480756771653549e-07
-0.0046	0.0017307229019497413	-0.0003755	6.480756771653549e-07
-0.0028	0.001731242517192012	-0.0003755	6.480756771653549e-07
0.0014	0.0017324549527573104	-0.0003755	6.480756771653549e-07
0.0075	0.0017342158710783385	-0.0003754	6.483643522999497e-07
0.0106	0.0017351107639955825	-0.0003754	6.483643522999497e-07
0.02	0.0017378243102607737	-0.0003754	6.483643522999497e-07
			
			
#	#	#	#
			
			
0.4561	0.0018637155364575717	-1.74e-05	1.6818213341493798e-06
0.4575	0.0018641196816460042	-1.12e-05	1.6997191924942585e-06
0.4576	0.0018641485491594637	-1.0800000000000002e-05	1.7008738930326378e-06
0.45880000000000004	0.0018644949593209774	-5.400000000000001e-06	1.7164623503007577e-06
0.4592	0.0018646104293748155	-3.8e-06	1.7210811524542745e-06
0.4596	0.0018647258994286535	2.2e-06	1.7384016605299634e-06
0.4605	0.0018649857070497887	2.4e-06	1.738979010799153e-06


Dodatkowe Parametry:

a_lin	[A/V]:	1.8103220297026657e-06
a_lin_error	[A/V]:	1.2754624956225367e-06
b_lin	[A]:	-0.00037545623182455936
b_lin_error	[A]:	2.1284382703152255e-08
I_sc	[A]:	-0.00037545623182455936
I_sc_error	[A]:	2.1284382703152255e-08
a_log	[A]:	0.00220879633560188
a_log_error	[A]:	0.00019641330638694608
b_log	[V]:	0.0017162702704214125
b_log_error	[V]:	0.00015317638707367377
V_oc	[V]:	0.4597759009301579
V_oc_error	[V]:	0.04500941342044926
