-0.0268	0.0017243143139617364	-9.88e-05	1.4468397745892024e-06
-0.0269	0.001724285446448277	-9.88e-05	1.4468397745892024e-06
-0.0263	0.001724458651529034	-9.88e-05	1.4468397745892024e-06
-0.0242	0.0017250648693116829	-9.88e-05	1.4468397745892024e-06
-0.0232	0.0017253535444462778	-9.88e-05	1.4468397745892024e-06
-0.0229	0.001725440146986656	-9.88e-05	1.4468397745892024e-06
-0.0217	0.0017257865571481698	-9.87e-05	1.4471284497237971e-06
-0.0212	0.0017259308947154674	-9.88e-05	1.4468397745892024e-06
-0.020800000000000003	0.0017260463647693054	-9.88e-05	1.4468397745892024e-06
-0.019899999999999998	0.0017263061723904406	-9.88e-05	1.4468397745892024e-06
-0.0189	0.0017265948475250355	-9.87e-05	1.4471284497237971e-06
-0.0182	0.0017267969201192517	-9.88e-05	1.4468397745892024e-06
-0.0179	0.0017268835226596302	-9.88e-05	1.4468397745892024e-06
-0.0175	0.001726998992713468	-9.88e-05	1.4468397745892024e-06
-0.0158	0.0017274897404422793	-9.88e-05	1.4468397745892024e-06
-0.0152	0.0017276629455230362	-9.88e-05	1.4468397745892024e-06
-0.0127	0.0017283846333595234	-9.87e-05	1.4471284497237971e-06
-0.009800000000000001	0.0017292217912498484	-9.87e-05	1.4471284497237971e-06
-0.009000000000000001	0.001729452731357524	-9.88e-05	1.4468397745892024e-06
-0.006200000000000001	0.0017302610217343898	-9.87e-05	1.4471284497237971e-06
-0.005200000000000001	0.0017305496968689842	-9.88e-05	1.4468397745892024e-06
-0.0045000000000000005	0.0017307517694632008	-9.88e-05	1.4468397745892024e-06
-0.0043	0.0017308095044901199	-9.88e-05	1.4468397745892024e-06
-0.002	0.0017314734572996878	-9.88e-05	1.4468397745892024e-06
0.0031000000000000003	0.0017329457004861212	-9.87e-05	1.4471284497237971e-06
0.0047	0.001733407580701473	-9.87e-05	1.4471284497237971e-06
0.0076	0.001734244738591798	-9.88e-05	1.4468397745892024e-06
0.0125	0.0017356592467513126	-9.87e-05	1.4471284497237971e-06
0.0137	0.0017360056569128263	-9.88e-05	1.4468397745892024e-06
			
			
#	#	#	#
			
			
0.38830000000000003	0.0018441433623320434	-1.94e-05	1.6760478314574837e-06
0.38789999999999997	0.0018440278922782054	-1.8599999999999998e-05	1.6783572325342423e-06
0.3885	0.0018442010973589622	-1.95e-05	1.675759156322889e-06
0.39060000000000006	0.0018448073151416113	-1.7100000000000002e-05	1.6826873595531646e-06
0.39089999999999997	0.0018448939176819897	-1.47e-05	1.68961556278344e-06
0.3931	0.0018455290029780985	-1.34e-05	1.6933683395331725e-06
0.3939	0.0018457599430857742	-1.1e-05	1.7002965427634482e-06
0.3941	0.0018458176781126932	-1.02e-05	1.7026059438402066e-06
0.3947	0.00184599088319345	-9.900000000000002e-06	1.703471969243991e-06
0.3947	0.00184599088319345	-9.900000000000002e-06	1.703471969243991e-06
0.3947	0.00184599088319345	-9.900000000000002e-06	1.703471969243991e-06
0.3952	0.0018461352207607474	-9.5e-06	1.7046266697823703e-06
0.3975	0.0018467991735703156	-5.9e-06	1.7150189746277834e-06
0.4016	0.0018479827416221543	2.8e-06	1.7401337113375323e-06
0.4025	0.0018482425492432897	2.6e-06	1.7395563610683427e-06
0.4014	0.0018479250065952353	1.1e-06	1.7352262340494206e-06


Dodatkowe Parametry:

a_lin	[A/V]:	1.1869851182280626e-06
a_lin_error	[A/V]:	6.963892674490478e-07
b_lin	[A]:	-9.875810857590275e-05
b_lin_error	[A]:	1.1714759584986303e-08
I_sc	[A]:	-9.875810857590275e-05
I_sc_error	[A]:	1.1714759584986303e-08
a_log	[A]:	0.0006206106579441668
a_log_error	[A]:	1.9499258115781394e-05
b_log	[V]:	0.0005673719634294611
b_log_error	[V]:	1.8146972240838976e-05
V_oc	[V]:	0.40083090268936117
V_oc_error	[V]:	0.016429595776279178
