-0.0272	0.0017241988439078986	-0.0004137	5.378017757501363e-07
-0.027100000000000003	0.0017242277114213579	-0.0004137	5.378017757501363e-07
-0.027100000000000003	0.0017242277114213579	-0.0004137	5.378017757501363e-07
-0.023600000000000003	0.0017252380743924397	-0.00041380000000000003	5.375131006155416e-07
-0.022	0.0017256999546077915	-0.00041380000000000003	5.375131006155416e-07
-0.0174	0.0017270278602269278	-0.00041380000000000003	5.375131006155416e-07
-0.0141	0.0017279804881710904	-0.00041380000000000003	5.375131006155416e-07
-0.013800000000000002	0.0017280670907114692	-0.00041380000000000003	5.375131006155416e-07
-0.0107	0.001728961983628713	-0.00041380000000000003	5.375131006155416e-07
-0.0078	0.001729799141519038	-0.00041380000000000003	5.375131006155416e-07
-0.0075	0.0017298857440594165	-0.00041380000000000003	5.375131006155416e-07
-0.0044	0.0017307806369766603	-0.00041380000000000003	5.375131006155416e-07
-0.0012	0.0017317043974073637	-0.00041380000000000003	5.375131006155416e-07
0.0018000000000000002	0.001732570422811148	-0.0004139	5.372244254809469e-07
0.0045000000000000005	0.0017333498456745542	-0.0004139	5.372244254809469e-07
0.0079	0.0017343313411321765	-0.00041380000000000003	5.375131006155416e-07
0.016800000000000002	0.0017369005498300704	-0.00041380000000000003	5.375131006155416e-07
0.0225	0.0017385459980972606	-0.0004136	5.380904508847311e-07
			
			
#	#	#	#
			
			
0.4592	0.0018646104293748155	-1.94e-05	1.6760478314574837e-06
0.4597	0.001864754766942113	-1.95e-05	1.675759156322889e-06
0.4611	0.0018651589121305456	-1.3e-05	1.6945230400715518e-06
0.4611	0.0018651589121305456	-6.9e-06	1.7121322232818354e-06
0.4626	0.0018655919248324378	-6.100000000000001e-06	1.7144416243585938e-06
0.464	0.0018659960700208706	7e-07	1.7340715335110413e-06
0.465	0.0018662847451554655	9.7e-06	1.7600522956245743e-06
0.4667	0.0018667754928842768	1.43e-05	1.7733313518159358e-06


Dodatkowe Parametry:

a_lin	[A/V]:	-4.6260776691299694e-07
a_lin_error	[A/V]:	1.1748833002643702e-06
b_lin	[A]:	-0.0004137871986782302
b_lin_error	[A]:	1.9714870077088336e-08
I_sc	[A]:	-0.0004137871986782302
I_sc_error	[A]:	1.9714870077088336e-08
a_log	[A]:	0.002166445794785845
a_log_error	[A]:	0.00016956171885752945
b_log	[V]:	0.0016659224278360424
b_log_error	[V]:	0.0001307835597006752
V_oc	[V]:	0.46349222743117524
V_oc_error	[V]:	0.03950977738671998
