-0.0234	0.001725295809419359	-4.74e-05	1.595218793770936e-06
-0.0235	0.0017252669419058992	-4.74e-05	1.595218793770936e-06
-0.0091	0.0017294238638440648	-4.74e-05	1.595218793770936e-06
-0.0070999999999999995	0.0017300012141132541	-4.74e-05	1.595218793770936e-06
-0.0055	0.001730463094328606	-4.75e-05	1.5949301186363415e-06
-0.004	0.0017308961070304982	-4.75e-05	1.5949301186363415e-06
-0.0034	0.001731069312111255	-4.75e-05	1.5949301186363415e-06
-0.0008	0.0017318198674612017	-4.74e-05	1.595218793770936e-06
0.0021000000000000003	0.0017326570253515265	-4.74e-05	1.595218793770936e-06
0.0037	0.001733118905566878	-4.74e-05	1.595218793770936e-06
0.0078	0.0017343024736187168	-4.74e-05	1.595218793770936e-06
0.0174	0.0017370737549108272	-4.74e-05	1.595218793770936e-06
0.025500000000000002	0.0017394120235010452	-4.7300000000000005e-05	1.5955074689055307e-06
			
			
#	#	#	#
			
			
0.3446	0.0018315282589502502	-1.3700000000000001e-05	1.6925023141293881e-06
0.34950000000000003	0.0018329427671097645	-1.46e-05	1.6899042379180348e-06
0.3474	0.0018323365493271154	-1.6e-05	1.6858627860337074e-06
0.352	0.0018336644549462515	-1.3700000000000001e-05	1.6925023141293881e-06
0.3499	0.0018330582371636026	-1.43e-05	1.6907702633218191e-06
0.3531	0.001833981997594306	-1.27e-05	1.6953890654753362e-06
0.3565	0.0018349634930519283	-9.8e-06	1.7037606443785859e-06
0.35910000000000003	0.0018357140484018747	-6.8e-06	1.71242089841643e-06
0.3574	0.0018352233006730635	-9.299999999999999e-06	1.70520402005156e-06
0.3578	0.0018353387707269015	-8.6e-06	1.7072247459937236e-06
0.3605	0.0018361181935903075	-8e-06	1.7089567968012924e-06
0.35910000000000003	0.0018357140484018747	-7.3e-06	1.710977522743456e-06
0.3607	0.0018361759286172265	-7e-06	1.7118435481472404e-06
0.36010000000000003	0.0018360027235364697	-6.5e-06	1.7132869238202145e-06
0.3617	0.0018364646037518214	-4.1000000000000006e-06	1.7202151270504901e-06
0.3607	0.0018361759286172265	-6.5e-06	1.7132869238202145e-06
0.3624	0.0018366666763460376	-5.2e-06	1.7170397005699473e-06
0.3625	0.001836695543859497	-4.7e-06	1.7184830762429214e-06
0.36469999999999997	0.0018373306291556057	-3.7e-06	1.7213698275888695e-06
0.3655	0.0018375615692632816	-2.6e-06	1.7245452540694122e-06
0.3658	0.0018376481718036602	-7e-07	1.7300300816267137e-06
0.3688	0.0018385141972074445	-0.0	1.7320508075688774e-06
0.37160000000000004	0.0018393224875843097	2.8999999999999998e-06	1.740422386472127e-06
0.37160000000000004	0.0018393224875843097	5.3e-06	1.7473505897024025e-06


Dodatkowe Parametry:

a_lin	[A/V]:	1.5393135856339259e-06
a_lin_error	[A/V]:	1.1177067076422083e-06
b_lin	[A]:	-4.741298091801628e-05
b_lin_error	[A]:	1.4942421309841913e-08
I_sc	[A]:	-4.741298091801628e-05
I_sc_error	[A]:	1.4942421309841913e-08
a_log	[A]:	0.00027015968992084687
a_log_error	[A]:	1.4909926297544027e-05
b_log	[V]:	0.00026960945037375926
b_log_error	[V]:	1.5267756691071616e-05
V_oc	[V]:	0.36862947199735036
V_oc_error	[V]:	0.029089694302568248
