-0.0174	0.0017270278602269278	-0.00045240000000000005	4.2608449866194383e-07
-0.0174	0.0017270278602269278	-0.00045240000000000005	4.2608449866194383e-07
-0.0174	0.0017270278602269278	-0.00045240000000000005	4.2608449866194383e-07
-0.0172	0.0017270855952538466	-0.00045240000000000005	4.2608449866194383e-07
-0.0171	0.0017271144627673061	-0.00045240000000000005	4.2608449866194383e-07
-0.0146	0.001727836150603793	-0.00045240000000000005	4.2608449866194383e-07
-0.0136	0.001728124825738388	-0.00045240000000000005	4.2608449866194383e-07
-0.010400000000000001	0.0017290485861690915	-0.00045240000000000005	4.2608449866194383e-07
-0.0105	0.0017290197186556318	-0.0004523	4.2637317379653877e-07
-0.0088	0.001729510466384443	-0.0004523	4.2637317379653877e-07
-0.0077	0.0017298280090324973	-0.00045240000000000005	4.2608449866194383e-07
-0.0070999999999999995	0.0017300012141132541	-0.00045240000000000005	4.2608449866194383e-07
-0.004200000000000001	0.0017308383720035792	-0.0004523	4.2637317379653877e-07
-0.004200000000000001	0.0017308383720035792	-0.0004523	4.2637317379653877e-07
-0.001	0.0017317621324342825	-0.0004523	4.2637317379653877e-07
0.0015	0.0017324838202707697	-0.0004521	4.269505240657284e-07
0.002	0.0017326281578380672	-0.0004522	4.266618489311335e-07
0.0021000000000000003	0.0017326570253515265	-0.0004522	4.266618489311335e-07
0.004	0.0017332055081072566	-0.0004522	4.266618489311335e-07
0.0155	0.001736525272155097	-0.0004521	4.269505240657284e-07
0.019600000000000003	0.0017377088402069356	-0.00045200000000000004	4.2723919920032293e-07
0.028800000000000003	0.001740364651445208	-0.00045190000000000003	4.2752787433491787e-07
			
			
#	#	#	#
			
			
0.462	0.001865418719751681	-1.93e-05	1.6763365065920786e-06
0.46280000000000004	0.0018656496598593569	-1.92e-05	1.6766251817266733e-06
0.46280000000000004	0.0018656496598593569	-1.9e-05	1.677202531995863e-06
0.4637	0.0018659094674804923	-1.2200000000000002e-05	1.6968324411483102e-06
0.4641	0.00186602493753433	-1.2200000000000002e-05	1.6968324411483102e-06
0.4641	0.00186602493753433	-1.2200000000000002e-05	1.6968324411483102e-06
0.4641	0.00186602493753433	-1.2200000000000002e-05	1.6968324411483102e-06
0.4642	0.0018660538050477894	-1.2200000000000002e-05	1.6968324411483102e-06
0.4644	0.0018661115400747086	-1.12e-05	1.6997191924942585e-06
0.46480000000000005	0.0018662270101285467	-1.03e-05	1.7023172687056119e-06
0.4655	0.0018664290827227628	-5.400000000000001e-06	1.7164623503007577e-06
0.4657	0.0018664868177496819	-4.5e-06	1.7190604265121108e-06
0.466	0.0018665734202900604	-4.1000000000000006e-06	1.7202151270504901e-06
0.46680000000000005	0.001866804360397736	1.5e-06	1.7363809345877997e-06
0.4671	0.0018668909629381144	2.4e-06	1.738979010799153e-06
0.4671	0.0018668909629381144	2.5e-06	1.7392676859337477e-06
0.4682	0.0018672085055861688	8.3e-06	1.756010843740247e-06


Dodatkowe Parametry:

a_lin	[A/V]:	1.0960129732148745e-05
a_lin_error	[A/V]:	8.000008352696898e-07
b_lin	[A]:	-0.00045223444053011237
b_lin_error	[A]:	1.0537549096506672e-08
I_sc	[A]:	-0.00045223444053011237
I_sc_error	[A]:	1.0537549096506672e-08
a_log	[A]:	0.0021996850490854495
a_log_error	[A]:	7.406898339988184e-05
b_log	[V]:	0.001676603588463219
b_log_error	[V]:	5.673204638634148e-05
V_oc	[V]:	0.46663791874968946
V_oc_error	[V]:	0.016978701557339482
