-0.0221	0.0017256710870943322	-0.0001983	1.1596080156673635e-06
-0.022	0.0017256999546077915	-0.0001983	1.1596080156673635e-06
-0.021500000000000002	0.001725844292175089	-0.0001983	1.1596080156673635e-06
-0.021500000000000002	0.001725844292175089	-0.0001982	1.1598966908019583e-06
-0.0209	0.001726017497255846	-0.0001983	1.1596080156673635e-06
-0.021	0.0017259886297423864	-0.0001984	1.1593193405327686e-06
-0.0209	0.001726017497255846	-0.0001984	1.1593193405327686e-06
-0.0212	0.0017259308947154674	-0.0001984	1.1593193405327686e-06
-0.0189	0.0017265948475250355	-0.0001984	1.1593193405327686e-06
-0.012199999999999999	0.0017285289709268205	-0.0001983	1.1596080156673635e-06
-0.0151	0.001727691813036496	-0.0001984	1.1593193405327686e-06
-0.0151	0.001727691813036496	-0.0001983	1.1596080156673635e-06
-0.0151	0.001727691813036496	-0.0001983	1.1596080156673635e-06
-0.0175	0.001726998992713468	-0.0001984	1.1593193405327686e-06
-0.0175	0.001726998992713468	-0.0001984	1.1593193405327686e-06
-0.0175	0.001726998992713468	-0.0001984	1.1593193405327686e-06
-0.0175	0.001726998992713468	-0.0001984	1.1593193405327686e-06
-0.0174	0.0017270278602269278	-0.0001983	1.1596080156673635e-06
-0.0175	0.001726998992713468	-0.0001984	1.1593193405327686e-06
-0.0175	0.001726998992713468	-0.0001984	1.1593193405327686e-06
-0.016300000000000002	0.0017273454028749818	-0.0001984	1.1593193405327686e-06
-0.0074	0.0017299146115728758	-0.0001984	1.1593193405327686e-06
-0.0029	0.0017312136496785524	-0.0001984	1.1593193405327686e-06
0.001	0.0017323394827034723	-0.0001983	1.1596080156673635e-06
0.0024	0.0017327436278919048	-0.0001983	1.1596080156673635e-06
0.0023	0.0017327147603784455	-0.0001984	1.1593193405327686e-06
0.0064	0.0017338983284302843	-0.0001984	1.1593193405327686e-06
0.0105	0.001735081896482123	-0.0001983	1.1596080156673635e-06
0.0166	0.0017368428148031513	-0.0001983	1.1596080156673635e-06
0.025	0.0017392676859337478	-0.0001983	1.1596080156673635e-06
			
			
#	#	#	#
			
			
0.4269	0.001855286222527403	-1.73e-05	1.682110009283975e-06
0.432	0.0018567584657138367	-2.3e-06	1.7254112794731968e-06
0.4352	0.00185768222614454	6.9e-06	1.7519693918559195e-06
0.43560000000000004	0.001857797696198378	8.7e-06	1.7571655442786262e-06
0.43710000000000004	0.0018582307089002703	1.35e-05	1.7710219507391773e-06
0.43910000000000005	0.00185880805916946	1.95e-05	1.788342458814866e-06


Dodatkowe Parametry:

a_lin	[A/V]:	6.878275641456957e-07
a_lin_error	[A/V]:	8.393417485717782e-07
b_lin	[A]:	-0.0001983423811633478
b_lin_error	[A]:	1.4031482978695226e-08
I_sc	[A]:	-0.0001983423811633478
I_sc_error	[A]:	1.4031482978695226e-08
a_log	[A]:	0.0013049186554273209
a_log_error	[A]:	1.892466414447043e-05
b_log	[V]:	0.0010931652932229486
b_log_error	[V]:	1.578454528411492e-05
V_oc	[V]:	0.4326930160748395
V_oc_error	[V]:	0.0074181368977023765
