0.3162000000000001	0.0018000000000000006	-10.819778284410283	8.5
0.3211000000000001	0.0018000000000000006	-10.819778284410283	8.5
0.33650000000000013	0.0018000000000000006	-10.414313176302118	5.666666666666667
0.3397000000000001	0.0018000000000000006	-10.414313176302118	5.666666666666667
0.3553000000000001	0.0018000000000000006	-10.126631103850338	4.25
0.3710000000000001	0.0018000000000000006	-9.903487552536127	3.4
0.3845000000000001	0.0018000000000000006	-9.721165995742172	2.8333333333333335
0.39090000000000014	0.0018000000000000006	-9.567015315914915	2.4285714285714284
0.39650000000000013	0.0018000000000000006	-9.433483923290392	2.125
0.39750000000000013	0.0018000000000000006	-9.433483923290392	2.125
0.40440000000000015	0.0018000000000000006	-9.315700887634009	1.8888888888888888
0.40740000000000015	0.0018000000000000006	-9.315700887634009	1.8888888888888888
0.40990000000000015	0.0018000000000000006	-9.210340371976182	1.7
0.4137000000000001	0.0018000000000000006	-9.028018815182227	1.4166666666666667
0.4218000000000001	0.0018000000000000006	-9.028018815182227	1.4166666666666667
0.4243000000000001	0.0018000000000000006	-8.94797610750869	1.3076923076923077
0.4264000000000001	0.0018000000000000006	-8.87386813535497	1.2142857142857142
0.43060000000000015	0.0018000000000000006	-8.87386813535497	1.2142857142857142
0.43350000000000016	0.0018000000000000006	-8.87386813535497	1.2142857142857142
0.43360000000000015	0.0018000000000000006	-8.87386813535497	1.2142857142857142
0.43670000000000014	0.0018000000000000006	-8.87386813535497	1.2142857142857142
0.43800000000000017	0.0018000000000000006	-8.740336742730447	1.0625
0.44020000000000015	0.0018000000000000006	-8.679712120914012	1.0
0.4419000000000001	0.0018000000000000006	-8.622553707074063	0.9444444444444444
0.44630000000000014	0.0018000000000000006	-8.622553707074063	0.9444444444444444
0.44930000000000014	0.0018000000000000006	-8.568486485803788	0.894736842105263
0.45240000000000014	0.0018000000000000006	-8.517193191416236	0.85
0.45790000000000014	0.0018000000000000006	-8.421883011611913	0.7727272727272727
0.4621000000000001	0.0018000000000000006	-8.377431249041079	0.7391304347826086
0.46600000000000014	0.0018000000000000006	-8.294049640102028	0.6799999999999999
0.47050000000000014	0.0018000000000000006	-8.254828926948747	0.6538461538461539
0.47530000000000017	0.0018000000000000006	-8.145629634983754	0.5862068965517242
0.48030000000000017	0.0018000000000000006	-8.047189562170502	0.53125
0.48260000000000014	0.0018000000000000006	-8.047189562170502	0.53125
0.48690000000000017	0.0018000000000000006	-7.986564940354067	0.5
0.4878000000000002	0.0018000000000000006	-7.986564940354067	0.5
0.48990000000000017	0.0018000000000000006	-7.902007552326004	0.45945945945945943
0.4959000000000002	0.0018000000000000006	-7.902007552326004	0.45945945945945943
0.4999000000000002	0.0018000000000000006	-7.824046010856292	0.425
0.5015000000000002	0.0018000000000000006	-7.77525584668686	0.40476190476190477
0.5049000000000001	0.0018000000000000006	-7.728735831051967	0.38636363636363635
0.5064000000000002	0.0018000000000000006	-7.728735831051967	0.38636363636363635
0.5082000000000002	0.0018000000000000006	-7.728735831051967	0.38636363636363635
0.5102000000000002	0.0018000000000000006	-7.684284068481133	0.3695652173913043
0.5130000000000001	0.0018000000000000006	-7.684284068481133	0.3695652173913043
0.5134000000000002	0.0018000000000000006	-7.641724454062337	0.3541666666666667
0.5159000000000001	0.0018000000000000006	-7.600902459542082	0.33999999999999997
0.5169000000000001	0.0018000000000000006	-7.600902459542082	0.33999999999999997
0.5180000000000001	0.0018000000000000006	-7.5810998322459024	0.3333333333333333
0.5209000000000001	0.0018000000000000006	-7.523941418405953	0.3148148148148148
0.5229000000000001	0.0018000000000000006	-7.523941418405953	0.3148148148148148
0.5240000000000001	0.0018000000000000006	-7.487573774235079	0.30357142857142855
0.5285000000000002	0.0018000000000000006	-7.435388021064509	0.288135593220339
0.5335000000000002	0.0018000000000000006	-7.402051600796916	0.2786885245901639
0.5370000000000001	0.0018000000000000006	-7.354042381610556	0.265625
0.5388000000000002	0.0018000000000000006	-7.338538195074591	0.2615384615384615
0.5418000000000002	0.0018000000000000006	-7.3232707229438025	0.25757575757575757
0.5441000000000001	0.0018000000000000006	-7.278818960372969	0.24637681159420288
0.5459000000000002	0.0018000000000000006	-7.236259345954172	0.2361111111111111
0.5488000000000002	0.0018000000000000006	-7.208860371766058	0.22972972972972971
0.5502000000000001	0.0018000000000000006	-7.195437351433918	0.22666666666666666
0.5529000000000002	0.0018000000000000006	-7.195437351433918	0.22666666666666666
0.5540000000000002	0.0018000000000000006	-7.1691200431165445	0.2207792207792208


Dodatkowe Parametry:

a_Vbi	[A/V]:	0.1890574354985088
a_Vbi_error	[A/V]:	0.0037801017821635437
b_Vbi	[A]:	-0.14826026403474638
b_Vbi_error	[A]:	0.003558240781520741
Vbi	[V]:	0.7842075274310794
Vbi_error	[V]:	0.02449662390749911
Rs	[Ohm]:	5.28939788780689
Rs_error	[Ohm]:	0.10575866709261808
wspó³czynnik idealnoœci:	2.520714519619681
wspó³czynnik idealnoœci_error:	0.02589373667996399
a_log	[1/V]:	15.34554062777002
a_log_error	[1/V]:	0.15763522014667408
b_log	[a.u.]:	-15.528025081607083
b_log_error	[a.u]:	0.07403491060400079
Rs_prim	[Ohm]:	5.262985858325606
Rs_prim_error	[Ohm]:	0.10201448411380494
V1	[V]:	0.7851000355635716
u(V1)	[V]:	0.0020000000000000005
V2	[V]:	0.9472000000000003
u(V2)	[V]:	0.0020000000000000005
I_0	[A]:	0.03080000000000001
I_0_error	[A]:	0.0002600000000000001
