0.2770000000000001	0.0018000000000000006	-10.819778284410283	8.5
0.2824000000000001	0.0018000000000000006	-10.819778284410283	8.5
0.2855000000000001	0.0018000000000000006	-10.819778284410283	8.5
0.29070000000000007	0.0018000000000000006	-10.414313176302118	5.666666666666667
0.2952000000000001	0.0018000000000000006	-10.414313176302118	5.666666666666667
0.3023000000000001	0.0018000000000000006	-10.819778284410283	8.5
0.3051000000000001	0.0018000000000000006	-10.126631103850338	4.25
0.3128000000000001	0.0018000000000000006	-10.414313176302118	5.666666666666667
0.32090000000000013	0.0018000000000000006	-9.903487552536127	3.4
0.3238000000000001	0.0018000000000000006	-9.567015315914915	2.4285714285714284
0.33200000000000013	0.0018000000000000006	-9.315700887634009	1.8888888888888888
0.33750000000000013	0.0018000000000000006	-9.028018815182227	1.4166666666666667
0.3381000000000001	0.0018000000000000006	-9.115030192171858	1.5454545454545454
0.34000000000000014	0.0018000000000000006	-8.94797610750869	1.3076923076923077
0.3419000000000001	0.0018000000000000006	-8.94797610750869	1.3076923076923077
0.3435000000000001	0.0018000000000000006	-8.94797610750869	1.3076923076923077
0.3450000000000001	0.0018000000000000006	-8.87386813535497	1.2142857142857142
0.3472000000000001	0.0018000000000000006	-8.87386813535497	1.2142857142857142
0.3502000000000001	0.0018000000000000006	-8.740336742730447	1.0625
0.3510000000000001	0.0018000000000000006	-8.679712120914012	1.0
0.3540000000000001	0.0018000000000000006	-8.568486485803788	0.894736842105263
0.3557000000000001	0.0018000000000000006	-8.517193191416236	0.85
0.3569000000000001	0.0018000000000000006	-8.468403027246804	0.8095238095238095
0.35820000000000013	0.0018000000000000006	-8.468403027246804	0.8095238095238095
0.3600000000000001	0.0018000000000000006	-8.377431249041079	0.7391304347826086
0.3614000000000001	0.0018000000000000006	-8.334871634622283	0.7083333333333334
0.3629000000000001	0.0018000000000000006	-8.294049640102028	0.6799999999999999
0.3640000000000001	0.0018000000000000006	-8.254828926948747	0.6538461538461539
0.3643000000000001	0.0018000000000000006	-8.2170885989659	0.6296296296296297
0.3681000000000001	0.0018000000000000006	-8.047189562170502	0.53125
0.3716000000000001	0.0018000000000000006	-8.016417903503747	0.5151515151515151
0.3729000000000001	0.0018000000000000006	-7.957577403480815	0.4857142857142857
0.3740000000000001	0.0018000000000000006	-7.929406526514118	0.4722222222222222
0.37530000000000013	0.0018000000000000006	-7.902007552326004	0.45945945945945943
0.37620000000000015	0.0018000000000000006	-7.849363818840581	0.4358974358974359
0.3774000000000001	0.0018000000000000006	-7.799353398265921	0.4146341463414634
0.37880000000000014	0.0018000000000000006	-7.77525584668686	0.40476190476190477
0.3801000000000001	0.0018000000000000006	-7.728735831051967	0.38636363636363635
0.3807000000000001	0.0018000000000000006	-7.706262975199908	0.37777777777777777
0.3822000000000001	0.0018000000000000006	-7.684284068481133	0.3695652173913043
0.3826000000000001	0.0018000000000000006	-7.684284068481133	0.3695652173913043
0.3832000000000001	0.0018000000000000006	-7.684284068481133	0.3695652173913043
0.38430000000000014	0.0018000000000000006	-7.600902459542082	0.33999999999999997
0.3851000000000001	0.0018000000000000006	-7.561681746388801	0.3269230769230769
0.38680000000000014	0.0018000000000000006	-7.542633551418106	0.32075471698113206
0.3870000000000001	0.0018000000000000006	-7.505592279737757	0.3090909090909091
0.38930000000000015	0.0018000000000000006	-7.469874197135678	0.29824561403508776
0.39040000000000014	0.0018000000000000006	-7.435388021064509	0.288135593220339
0.3911000000000001	0.0018000000000000006	-7.369790738578695	0.2698412698412698
0.3925000000000001	0.0018000000000000006	-7.354042381610556	0.265625
0.39330000000000015	0.0018000000000000006	-7.338538195074591	0.2615384615384615
0.3936000000000001	0.0018000000000000006	-7.3232707229438025	0.25757575757575757


Dodatkowe Parametry:

a_Vbi	[A/V]:	0.2191205693512312
a_Vbi_error	[A/V]:	0.004422791279323505
b_Vbi	[A]:	-0.10887567742833945
b_Vbi_error	[A]:	0.002817055544897803
Vbi	[V]:	0.4968756596000863
Vbi_error	[V]:	0.016305337061953522
Rs	[Ohm]:	4.563697524886799
Rs_error	[Ohm]:	0.09211495604589248
wspó³czynnik idealnoœci:	1.1883346659547755
wspó³czynnik idealnoœci_error:	0.019743062646865796
a_log	[1/V]:	32.55120647410762
a_log_error	[1/V]:	0.540807675700532
b_log	[a.u.]:	-20.11772326490808
b_log_error	[a.u]:	0.1927314847665134
Rs_prim	[Ohm]:	4.071669308240309
Rs_prim_error	[Ohm]:	0.08826491580018589
V1	[V]:	0.5129749802343773
u(V1)	[V]:	0.0019000000000000006
V2	[V]:	0.6462000000000002
u(V2)	[V]:	0.0019000000000000006
I_0	[A]:	0.03272000000000001
I_0_error	[A]:	0.0002600000000000001
