0.6285000000000002	0.0019000000000000006	0.02885000000000001	0.0002500000000000001
0.6280000000000002	0.0019000000000000006	0.02893000000000001	0.0002500000000000001
0.6293000000000002	0.0019000000000000006	0.028960000000000014	0.0002500000000000001
0.6303000000000002	0.0019000000000000006	0.029160000000000012	0.0002500000000000001
0.6313000000000002	0.0019000000000000006	0.02954000000000001	0.0002500000000000001
0.6322000000000002	0.0019000000000000006	0.029580000000000013	0.0002500000000000001
0.6332000000000002	0.0019000000000000006	0.029850000000000012	0.0002500000000000001
0.6335000000000002	0.0019000000000000006	0.02995000000000001	0.0002500000000000001
0.6349000000000002	0.0019000000000000006	0.030230000000000014	0.0002600000000000001
0.6366000000000002	0.0019000000000000006	0.030530000000000012	0.0002600000000000001
0.6387000000000002	0.0019000000000000006	0.030840000000000013	0.0002600000000000001
0.6400000000000002	0.0019000000000000006	0.03136000000000001	0.0002600000000000001
0.6398000000000003	0.0019000000000000006	0.031250000000000014	0.0002600000000000001
0.6403000000000002	0.0019000000000000006	0.03165000000000001	0.0002600000000000001
0.6414000000000002	0.0019000000000000006	0.031570000000000015	0.0002600000000000001
0.6426000000000002	0.0019000000000000006	0.03190000000000001	0.0002600000000000001
0.6429000000000002	0.0019000000000000006	0.032070000000000015	0.0002600000000000001
0.6433000000000002	0.0019000000000000006	0.032270000000000014	0.0002600000000000001
0.6453000000000002	0.0019000000000000006	0.032500000000000015	0.0002600000000000001
0.6462000000000002	0.0019000000000000006	0.03272000000000001	0.0002600000000000001


Dodatkowe Parametry:

a_Vbi	[A/V]:	0.2191205693512312
a_Vbi_error	[A/V]:	0.004422791279323505
b_Vbi	[A]:	-0.10887567742833945
b_Vbi_error	[A]:	0.002817055544897803
Vbi	[V]:	0.4968756596000863
Vbi_error	[V]:	0.016305337061953522
Rs	[Ohm]:	4.563697524886799
Rs_error	[Ohm]:	0.09211495604589248
